0 0.5 1.0
1 0.46153846153846156 1.0
2 1.0 1.0
3 0.25 1.0
4 0.09523809523809523 0.8571428571428571
5 0.6666666666666666 0.5
6 1.0 1.0
7 0.5 0.75
8 0.3333333333333333 0.16666666666666666
9 0.42857142857142855 0.42857142857142855
10 0.16666666666666666 0.75
11 0.3125 1.0
12 0.2857142857142857 1.0
13 0.375 1.0
14 0.375 0.8125
15 0.6666666666666666 0.75
16 0.6666666666666666 1.0
17 0.6666666666666666 0.6666666666666666
18 0.6666666666666666 1.0
19 0.17647058823529413 1.0
20 0.17647058823529413 1.0
21 0.8235294117647058 1.0
22 0.5 0.75
23 0.6923076923076923 1.0
24 0.4117647058823529 1.0
25 0.4117647058823529 0.7647058823529411
26 0.3181818181818182 1.0
27 0.0 1.0
28 0.7647058823529411 0.5294117647058824
29 0.46153846153846156 1.0
30 0.7647058823529411 0.4117647058823529
31 0.5 0.6666666666666666
32 0.75 1.0
33 0.75 0.6666666666666666
34 0.6470588235294118 1.0
35 0.8235294117647058 1.0
36 0.6153846153846154 0.38461538461538464
37 0.4117647058823529 0.7647058823529411
38 0.8571428571428571 0.8571428571428571
39 0.6923076923076923 0.46153846153846156
40 0.29411764705882354 1.0
41 0.6363636363636364 1.0
42 0.7333333333333333 1.0
43 0.8636363636363636 0.6363636363636364
44 0.5833333333333334 0.75
45 0.6153846153846154 1.0
46 0.75 1.0
47 0.6470588235294118 1.0
48 0.75 0.4166666666666667
49 0.8125 0.625
50 0.7692307692307693 1.0
51 0.45454545454545453 0.6363636363636364
52 0.6470588235294118 1.0
53 0.75 1.0
54 0.5294117647058824 1.0
55 0.11764705882352941 0.5882352941176471
56 0.7692307692307693 1.0
57 0.5 0.75
58 0.6470588235294118 0.4117647058823529
59 0.8 0.8
60 1.0 1.0
61 0.45454545454545453 1.0
62 0.8 1.0
63 0.11764705882352941 1.0
64 0.29411764705882354 1.0
65 0.8235294117647058 1.0
66 0.6153846153846154 1.0
67 0.75 1.0
68 0.25 1.0
69 0.46153846153846156 1.0
70 0.6 1.0
71 0.5294117647058824 1.0
72 0.6470588235294118 1.0
73 0.6666666666666666 0.6666666666666666
74 0.5652173913043478 0.6521739130434783
75 0.8235294117647058 0.47058823529411764
76 0.7692307692307693 1.0
77 0.6153846153846154 0.7692307692307693
78 0.8235294117647058 1.0
79 0.7647058823529411 1.0
80 0.7692307692307693 1.0
81 0.3333333333333333 1.0
82 0.8235294117647058 1.0
83 1.8333333333333333 0.6666666666666666
84 0.23529411764705882 1.0
85 0.8235294117647058 1.0
86 0.5625 0.8125
87 0.3333333333333333 1.0
88 0.8636363636363636 1.0
89 0.7692307692307693 1.0
90 0.6363636363636364 1.0
91 0.4166666666666667 1.0
92 0.75 0.75
93 0.8636363636363636 1.0
94 0.38461538461538464 0.6923076923076923
95 0.45454545454545453 1.0
96 0.8235294117647058 1.0
97 0.5 1.0
98 0.5294117647058824 0.23529411764705882
99 0.47058823529411764 0.8235294117647058
avg 0.5918323981006204 0.8609211730298686
