0
0 0.16666666666666666 0.6944444444444444
1
1 0.35294117647058826 0.7647058823529411
2
2 0.6428571428571429 0.7380952380952381
3
3 0.3684210526315789 0.6052631578947368
4
4 0.5405405405405406 0.8378378378378378
5
5 0.1891891891891892 0.6756756756756757
6
6 0.6 0.775
7
7 0.4523809523809524 0.7380952380952381
8
8 0.35294117647058826 0.4117647058823529
9
9 0.6486486486486487 0.8648648648648649
10
10 0.8571428571428571 1.0
11
11 0.2857142857142857 0.8163265306122449
12
12 0.46 0.78
13
13 0.40425531914893614 0.8085106382978723
14
14 0.3269230769230769 0.8269230769230769
15
15 0.3333333333333333 0.5833333333333334
16
16 0.3023255813953488 0.5581395348837209
17
17 0.5813953488372093 0.9069767441860465
18
18 0.2391304347826087 0.7391304347826086
19
19 0.6216216216216216 0.6486486486486487
20
20 0.18181818181818182 0.6590909090909091
21
21 0.3170731707317073 0.7073170731707317
22
22 0.20512820512820512 0.5897435897435898
23
23 0.9117647058823529 0.7058823529411765
24
24 0.20930232558139536 0.5348837209302325
25
25 0.7222222222222222 0.8055555555555556
26
26 0.11904761904761904 0.5476190476190477
27
27 0.46153846153846156 0.5384615384615384
28
28 0.35555555555555557 0.5777777777777777
29
29 0.8214285714285714 0.6071428571428571
30
30 0.28125 0.46875
31
31 0.39473684210526316 0.6578947368421053
32
32 0.5471698113207547 0.7358490566037735
33
33 0.29545454545454547 0.6363636363636364
34
34 0.3953488372093023 0.46511627906976744
35
35 0.3076923076923077 0.46153846153846156
36
36 0.12903225806451613 0.5483870967741935
37
37 0.41025641025641024 0.6923076923076923
38
38 0.5660377358490566 0.8113207547169812
39
39 0.3888888888888889 0.6388888888888888
40
40 0.4473684210526316 0.4473684210526316
41
41 0.5714285714285714 0.5428571428571428
42
42 0.3181818181818182 0.7727272727272727
43
43 0.4473684210526316 0.4473684210526316
44
44 0.5 0.875
45
45 0.45454545454545453 0.8484848484848485
46
46 0.5957446808510638 0.7021276595744681
47
47 0.4222222222222222 0.7555555555555555
48
48 0.275 0.7
49
49 0.5681818181818182 0.7727272727272727
50
50 0.3333333333333333 0.7878787878787878
51
51 0.35555555555555557 0.7555555555555555
52
52 0.5909090909090909 0.8863636363636364
53
53 0.5945945945945946 0.7567567567567568
54
54 0.7619047619047619 0.7619047619047619
55
55 1.0333333333333334 0.8
56
56 0.45454545454545453 0.6363636363636364
57
57 0.10526315789473684 0.7368421052631579
58
58 0.3 0.6
59
59 0.391304347826087 0.8478260869565217
60
60 0.6285714285714286 0.7428571428571429
61
61 0.5681818181818182 0.75
62
62 0.5348837209302325 0.7906976744186046
63
63 0.5135135135135135 0.7297297297297297
64
64 0.45454545454545453 0.8863636363636364
65
65 0.7291666666666666 0.7083333333333334
66
66 0.375 0.625
67
67 0.4883720930232558 0.813953488372093
68
68 0.3829787234042553 0.723404255319149
69
69 0.5588235294117647 0.7352941176470589
70
70 0.26 0.68
71
71 0.47368421052631576 0.5263157894736842
72
72 0.8048780487804879 0.7073170731707317
73
73 0.36363636363636365 0.7954545454545454
74
74 0.66 0.76
75
75 0.43902439024390244 0.6341463414634146
76
76 0.5263157894736842 0.7894736842105263
77
77 0.4857142857142857 0.7428571428571429
78
78 0.1956521739130435 0.7391304347826086
79
79 0.75 0.8125
80
80 0.5151515151515151 0.6666666666666666
81
81 0.6511627906976745 0.7209302325581395
82
82 0.4523809523809524 0.7380952380952381
83
83 0.3333333333333333 0.6875
84
84 0.358974358974359 0.6666666666666666
85
85 0.3902439024390244 0.7560975609756098
86
86 0.6808510638297872 0.851063829787234
87
87 0.5714285714285714 0.8333333333333334
88
88 0.5277777777777778 0.8055555555555556
89
89 0.42105263157894735 0.6842105263157895
90
90 0.23809523809523808 0.7857142857142857
91
91 0.41025641025641024 0.5384615384615384
92
92 0.43243243243243246 0.918918918918919
93
93 0.3541666666666667 0.5208333333333334
94
94 0.26666666666666666 0.4666666666666667
95
95 0.2549019607843137 0.5882352941176471
96
96 0.18604651162790697 0.5581395348837209
97
97 0.35 0.85
98
98 0.8064516129032258 0.6129032258064516
99
99 0.45714285714285713 0.8
avg 0.4511941956264777 0.7034015573073461
