0 0.2
1 0.4444444444444444
2 0.7
3 0.25
4 0.5454545454545454
5 0.3333333333333333
6 0.8333333333333334
7 0.38461538461538464
8 0.45454545454545453
9 0.75
10 0.7
11 0.42857142857142855
12 0.5
13 0.7142857142857143
14 0.6428571428571429
15 0.35714285714285715
16 0.45454545454545453
17 0.9166666666666666
18 0.5454545454545454
19 0.75
20 0.38461538461538464
21 0.5384615384615384
22 0.45454545454545453
23 0.75
24 0.3333333333333333
25 0.6666666666666666
26 0.25
27 0.6153846153846154
28 0.4166666666666667
29 0.7272727272727273
30 0.36363636363636365
31 0.7272727272727273
32 0.4166666666666667
33 0.7272727272727273
34 0.6363636363636364
35 0.4166666666666667
36 0.2222222222222222
37 0.5
38 0.8
39 0.5
40 0.75
41 0.6363636363636364
42 0.46153846153846156
43 0.8181818181818182
44 0.5
45 0.5
46 0.5
47 0.5384615384615384
48 0.4166666666666667
49 0.6428571428571429
50 0.6
51 0.5
52 0.6153846153846154
53 0.7272727272727273
54 0.8181818181818182
55 0.9090909090909091
56 0.5555555555555556
57 0.18181818181818182
58 0.35714285714285715
59 0.4166666666666667
60 0.6666666666666666
61 0.5833333333333334
62 0.46153846153846156
63 0.9090909090909091
64 0.7
65 0.9285714285714286
66 0.4
67 0.5
68 0.46153846153846156
69 0.75
70 0.42857142857142855
71 0.6666666666666666
72 0.9
73 0.6363636363636364
74 0.6
75 0.5384615384615384
76 0.6666666666666666
77 0.6363636363636364
78 0.35714285714285715
79 0.9166666666666666
80 0.7
81 0.7272727272727273
82 0.6923076923076923
83 0.7272727272727273
84 0.5454545454545454
85 0.5384615384615384
86 0.8571428571428571
87 0.6363636363636364
88 0.6363636363636364
89 0.6
90 0.25
91 0.7272727272727273
92 0.5454545454545454
93 0.4166666666666667
94 0.5
95 0.21428571428571427
96 0.3076923076923077
97 0.45454545454545453
98 1.0
99 0.6363636363636364
