0
0 0.2222222222222222 0.5555555555555556
1
1 0.20588235294117646 0.47058823529411764
2
2 0.5952380952380952 0.5476190476190477
3
3 0.07894736842105263 0.5526315789473685
4
4 0.08108108108108109 0.7027027027027027
5
5 0.6216216216216216 0.3783783783783784
6
6 0.475 0.4
7
7 0.047619047619047616 0.40476190476190477
8
8 0.35294117647058826 0.2647058823529412
9
9 0.4594594594594595 0.8648648648648649
10
10 0.22857142857142856 0.4857142857142857
11
11 0.30612244897959184 0.5510204081632653
12
12 0.26 0.42
13
13 0.3829787234042553 0.5319148936170213
14
14 0.19230769230769232 0.4423076923076923
15
15 0.22916666666666666 0.5
16
16 0.2558139534883721 0.32558139534883723
17
17 0.4418604651162791 0.4186046511627907
18
18 0.43478260869565216 0.5217391304347826
19
19 0.3783783783783784 0.40540540540540543
20
20 0.1590909090909091 0.5909090909090909
21
21 0.36585365853658536 0.7804878048780488
22
22 0.41025641025641024 0.6666666666666666
23
23 0.5 0.6764705882352942
24
24 0.11627906976744186 0.32558139534883723
25
25 0.1388888888888889 0.5277777777777778
26
26 0.21428571428571427 0.40476190476190477
27
27 0.1794871794871795 0.358974358974359
28
28 0.8 0.8222222222222222
29
29 1.0357142857142858 1.1785714285714286
30
30 0.84375 0.78125
31
31 1.2105263157894737 1.2105263157894737
32
32 0.8113207547169812 0.8679245283018868
33
33 0.8636363636363636 1.1136363636363635
34
34 0.9767441860465116 0.8837209302325582
35
35 0.8205128205128205 0.7948717948717948
36
36 1.0 1.1290322580645162
37
37 1.1282051282051282 1.3076923076923077
38
38 0.8490566037735849 0.8867924528301887
39
39 0.8333333333333334 1.0
40
40 0.631578947368421 0.7631578947368421
41
41 1.0857142857142856 1.1714285714285715
42
42 0.9090909090909091 0.9090909090909091
43
43 0.8947368421052632 0.9736842105263158
44
44 0.85 0.95
45
45 1.0303030303030303 1.2727272727272727
46
46 0.8936170212765957 0.9148936170212766
47
47 0.7777777777777778 0.8666666666666667
48
48 0.925 1.125
49
49 0.8863636363636364 0.8636363636363636
50
50 0.9696969696969697 1.2121212121212122
51
51 0.8444444444444444 0.8666666666666667
52
52 0.6590909090909091 0.7954545454545454
53
53 0.9459459459459459 1.027027027027027
54
54 0.9047619047619048 0.9047619047619048
55
55 0.3 0.6
56
56 0.45454545454545453 0.42424242424242425
57
57 0.2894736842105263 0.6842105263157895
58
58 0.76 0.76
59
59 0.782608695652174 0.6304347826086957
60
60 0.7142857142857143 1.0285714285714285
61
61 0.8636363636363636 0.8409090909090909
62
62 0.8837209302325582 0.813953488372093
63
63 0.918918918918919 0.8108108108108109
64
64 0.8181818181818182 0.9090909090909091
65
65 0.9375 1.125
66
66 0.8125 0.875
67
67 0.7209302325581395 0.7906976744186046
68
68 0.9148936170212766 0.8936170212765957
69
69 1.0 0.9705882352941176
70
70 0.8 0.78
71
71 0.8947368421052632 0.8421052631578947
72
72 0.8536585365853658 1.0
73
73 0.75 0.75
74
74 0.8 0.9
75
75 0.7804878048780488 0.6829268292682927
76
76 0.868421052631579 0.9473684210526315
77
77 1.0857142857142856 0.9714285714285714
78
78 0.717391304347826 0.9347826086956522
79
79 0.6458333333333334 0.7708333333333334
80
80 0.7575757575757576 0.9393939393939394
81
81 0.7441860465116279 0.813953488372093
82
82 0.9285714285714286 0.9761904761904762
83
83 0.9166666666666666 0.9166666666666666
84
84 0.9487179487179487 1.0
85
85 0.926829268292683 0.926829268292683
86
86 0.9787234042553191 0.9361702127659575
87
87 1.0 1.1666666666666667
88
88 1.1388888888888888 1.1111111111111112
89
89 0.868421052631579 1.0526315789473684
90
90 0.7857142857142857 0.8095238095238095
91
91 1.0512820512820513 1.0512820512820513
92
92 0.918918918918919 1.1891891891891893
93
93 0.7708333333333334 0.875
94
94 1.3333333333333333 1.2
95
95 0.8627450980392157 0.8235294117647058
96
96 0.8837209302325582 0.8837209302325582
97
97 0.825 0.9
98
98 1.4193548387096775 1.3225806451612903
99
99 1.1142857142857143 1.2571428571428571
avg 0.71256266591464 0.8155643678581164
