0 0.5
1 0.6666666666666666
2 0.5
3 0.25
4 0.18181818181818182
5 0.16666666666666666
6 0.75
7 0.23076923076923078
8 0.18181818181818182
9 0.5833333333333334
10 0.6
11 0.35714285714285715
12 0.5714285714285714
13 0.42857142857142855
14 0.35714285714285715
15 0.42857142857142855
16 0.45454545454545453
17 0.5
18 0.5454545454545454
19 0.3333333333333333
20 0.23076923076923078
21 0.38461538461538464
22 0.5454545454545454
23 0.5
24 0.16666666666666666
25 0.08333333333333333
26 0.16666666666666666
27 0.38461538461538464
28 0.3333333333333333
29 0.36363636363636365
30 0.09090909090909091
31 0.45454545454545453
32 0.6666666666666666
33 0.36363636363636365
34 0.36363636363636365
35 0.25
36 0.3333333333333333
37 0.3333333333333333
38 0.2
39 0.4166666666666667
40 0.5
41 0.2727272727272727
42 0.3076923076923077
43 0.6363636363636364
44 0.5
45 0.25
46 0.08333333333333333
47 0.15384615384615385
48 0.25
49 0.6428571428571429
50 0.3
51 0.4166666666666667
52 0.15384615384615385
53 0.2727272727272727
54 0.36363636363636365
55 0.2727272727272727
56 1.0
57 0.8181818181818182
58 0.6428571428571429
59 0.5
60 0.5833333333333334
61 0.5
62 0.46153846153846156
63 0.6363636363636364
64 0.3
65 0.2857142857142857
66 0.5
67 0.5
68 0.15384615384615385
69 0.5833333333333334
70 0.35714285714285715
71 0.4166666666666667
72 0.6
73 0.45454545454545453
74 0.26666666666666666
75 0.46153846153846156
76 0.5
77 0.5454545454545454
78 0.2857142857142857
79 0.5
80 0.4
81 0.09090909090909091
82 0.15384615384615385
83 0.6363636363636364
84 0.36363636363636365
85 0.46153846153846156
86 0.2857142857142857
87 0.36363636363636365
88 0.5454545454545454
89 0.3
90 0.5
91 0.2727272727272727
92 0.36363636363636365
93 0.5
94 0.4
95 0.42857142857142855
96 0.3076923076923077
97 0.09090909090909091
98 0.2727272727272727
99 0.18181818181818182
