0
0 0.027777777777777776 0.5277777777777778
1
1 0.08823529411764706 0.23529411764705882
2
2 0.07142857142857142 0.35714285714285715
3
3 0.47368421052631576 0.5
4
4 0.0 0.2702702702702703
5
5 0.0 0.43243243243243246
6
6 0.075 0.475
7
7 0.09523809523809523 0.4523809523809524
8
8 0.08823529411764706 0.23529411764705882
9
9 0.10810810810810811 0.32432432432432434
10
10 0.2 0.4
11
11 0.10204081632653061 0.42857142857142855
12
12 0.12 0.54
13
13 0.1276595744680851 0.46808510638297873
14
14 0.0 0.28846153846153844
15
15 0.20833333333333334 0.3541666666666667
16
16 0.06976744186046512 0.3953488372093023
17
17 0.37209302325581395 0.37209302325581395
18
18 0.0 0.34782608695652173
19
19 0.1891891891891892 0.21621621621621623
20
20 0.045454545454545456 0.5227272727272727
21
21 0.1951219512195122 0.6585365853658537
22
22 0.07692307692307693 0.3076923076923077
23
23 0.38235294117647056 0.8235294117647058
24
24 0.0 0.11627906976744186
25
25 0.2222222222222222 0.3055555555555556
26
26 0.0 0.2619047619047619
27
27 0.1794871794871795 0.3333333333333333
28
28 0.2222222222222222 0.8222222222222222
29
29 0.32142857142857145 0.6785714285714286
30
30 0.09375 0.3125
31
31 0.13157894736842105 0.3684210526315789
32
32 0.11320754716981132 0.2830188679245283
33
33 0.06818181818181818 0.22727272727272727
34
34 0.23255813953488372 0.7209302325581395
35
35 0.0 0.2564102564102564
36
36 0.1935483870967742 0.6129032258064516
37
37 0.05128205128205128 0.46153846153846156
38
38 0.05660377358490566 0.6415094339622641
39
39 0.4444444444444444 0.3333333333333333
40
40 0.05263157894736842 0.23684210526315788
41
41 0.5142857142857142 0.42857142857142855
42
42 0.18181818181818182 0.3181818181818182
43
43 0.10526315789473684 0.6052631578947368
44
44 0.025 0.325
45
45 0.30303030303030304 0.6666666666666666
46
46 0.2978723404255319 0.7021276595744681
47
47 0.022222222222222223 0.28888888888888886
48
48 0.15 0.55
49
49 0.1590909090909091 0.3409090909090909
50
50 0.06060606060606061 0.36363636363636365
51
51 0.5555555555555556 0.7111111111111111
52
52 0.11363636363636363 0.5681818181818182
53
53 0.3783783783783784 0.40540540540540543
54
54 0.14285714285714285 0.5952380952380952
55
55 0.3 0.26666666666666666
56
56 0.21212121212121213 0.2727272727272727
57
57 0.05263157894736842 0.34210526315789475
58
58 0.18 0.34
59
59 0.06521739130434782 0.30434782608695654
60
60 0.2857142857142857 0.5714285714285714
61
61 0.11363636363636363 0.6818181818181818
62
62 0.27906976744186046 0.37209302325581395
63
63 0.1891891891891892 0.2702702702702703
64
64 0.1590909090909091 0.2727272727272727
65
65 0.1875 0.5416666666666666
66
66 0.1875 0.3125
67
67 0.27906976744186046 0.5348837209302325
68
68 0.3617021276595745 0.46808510638297873
69
69 0.29411764705882354 0.5294117647058824
70
70 0.12 0.54
71
71 0.02631578947368421 0.34210526315789475
72
72 0.12195121951219512 0.3170731707317073
73
73 0.0 0.4318181818181818
74
74 0.3 0.66
75
75 0.07317073170731707 0.34146341463414637
76
76 0.6052631578947368 0.6052631578947368
77
77 0.2857142857142857 0.7714285714285715
78
78 0.15217391304347827 0.391304347826087
79
79 0.4375 0.625
80
80 0.3333333333333333 0.3939393939393939
81
81 0.046511627906976744 0.18604651162790697
82
82 0.16666666666666666 0.2857142857142857
83
83 0.0625 0.4375
84
84 0.28205128205128205 0.6153846153846154
85
85 0.24390243902439024 0.4634146341463415
86
86 0.06382978723404255 0.40425531914893614
87
87 0.2619047619047619 0.30952380952380953
88
88 0.1388888888888889 0.3888888888888889
89
89 0.21052631578947367 0.21052631578947367
90
90 0.0 0.19047619047619047
91
91 0.1794871794871795 0.3076923076923077
92
92 0.02702702702702703 0.4864864864864865
93
93 0.20833333333333334 0.3333333333333333
94
94 0.26666666666666666 0.4
95
95 0.058823529411764705 0.6274509803921569
96
96 0.06976744186046512 0.3488372093023256
97
97 0.025 0.2
98
98 0.0967741935483871 0.3548387096774194
99
99 0.3142857142857143 0.5428571428571428
avg 0.16834335982664805 0.42368252751905866
