0 0.0
1 0.2222222222222222
2 0.2
3 0.25
4 0.0
5 0.0
6 0.3333333333333333
7 0.15384615384615385
8 0.09090909090909091
9 0.3333333333333333
10 0.2
11 0.21428571428571427
12 0.2857142857142857
13 0.21428571428571427
14 0.07142857142857142
15 0.35714285714285715
16 0.2727272727272727
17 0.5
18 0.0
19 0.25
20 0.15384615384615385
21 0.23076923076923078
22 0.18181818181818182
23 0.4166666666666667
24 0.0
25 0.3333333333333333
26 0.0
27 0.15384615384615385
28 0.25
29 0.36363636363636365
30 0.18181818181818182
31 0.2727272727272727
32 0.25
33 0.36363636363636365
34 0.5454545454545454
35 0.0
36 0.3333333333333333
37 0.0
38 0.2
39 0.6666666666666666
40 0.16666666666666666
41 0.5454545454545454
42 0.38461538461538464
43 0.45454545454545453
44 0.16666666666666666
45 0.3333333333333333
46 0.5
47 0.07692307692307693
48 0.25
49 0.35714285714285715
50 0.2
51 0.16666666666666666
52 0.23076923076923078
53 0.36363636363636365
54 0.18181818181818182
55 0.45454545454545453
56 0.4444444444444444
57 0.09090909090909091
58 0.2857142857142857
59 0.16666666666666666
60 0.3333333333333333
61 0.25
62 0.3076923076923077
63 0.2727272727272727
64 0.1
65 0.2857142857142857
66 0.3
67 0.5833333333333334
68 0.38461538461538464
69 0.3333333333333333
70 0.21428571428571427
71 0.0
72 0.2
73 0.0
74 0.4666666666666667
75 0.23076923076923078
76 0.4166666666666667
77 0.2727272727272727
78 0.21428571428571427
79 0.5833333333333334
80 0.5
81 0.09090909090909091
82 0.38461538461538464
83 0.18181818181818182
84 0.36363636363636365
85 0.3076923076923077
86 0.21428571428571427
87 0.2727272727272727
88 0.2727272727272727
89 0.4
90 0.08333333333333333
91 0.2727272727272727
92 0.09090909090909091
93 0.16666666666666666
94 0.7
95 0.14285714285714285
96 0.23076923076923078
97 0.09090909090909091
98 0.18181818181818182
99 0.2727272727272727
