0 0.6666666666666666 0.5
1 1.0 0.38461538461538464
2 1.0833333333333333 1.75
3 0.9375 0.6875
4 0.6 0.8
5 0.5833333333333334 0.8333333333333334
6 0.5625 1.1875
7 0.75 0.8333333333333334
8 0.5833333333333334 0.5833333333333334
9 0.6190476190476191 0.6190476190476191
10 1.0 1.25
11 0.9375 1.125
12 0.6071428571428571 0.7142857142857143
13 0.5 1.3125
14 0.4375 0.625
15 0.5 0.5
16 0.75 0.75
17 0.75 1.6666666666666667
18 0.5 0.5
19 0.7058823529411765 0.5294117647058824
20 0.8235294117647058 1.0588235294117647
21 0.17647058823529413 0.47058823529411764
22 0.5833333333333334 0.5
23 0.15384615384615385 0.15384615384615385
24 0.5294117647058824 0.5294117647058824
25 0.17647058823529413 0.23529411764705882
26 0.5909090909090909 0.7272727272727273
27 0.8235294117647058 0.5294117647058824
28 0.4117647058823529 0.5294117647058824
29 1.0 0.8461538461538461
30 0.47058823529411764 0.23529411764705882
31 0.5 1.0
32 0.5 0.6666666666666666
33 1.0 0.75
34 0.5882352941176471 0.5882352941176471
35 1.0588235294117647 0.5294117647058824
36 0.3076923076923077 1.6153846153846154
37 0.47058823529411764 0.4117647058823529
38 0.42857142857142855 0.8571428571428571
39 0.46153846153846156 0.6153846153846154
40 0.5882352941176471 0.6470588235294118
41 0.45454545454545453 0.6363636363636364
42 0.6 0.5666666666666667
43 0.6363636363636364 0.6363636363636364
44 1.75 1.0
45 0.15384615384615385 0.15384615384615385
46 1.1666666666666667 1.0
47 0.5882352941176471 1.1176470588235294
48 0.5833333333333334 1.75
49 1.125 1.125
50 0.3076923076923077 0.38461538461538464
51 0.6363636363636364 0.6363636363636364
52 0.5294117647058824 0.5294117647058824
53 0.5 0.5
54 0.47058823529411764 0.47058823529411764
55 0.23529411764705882 0.29411764705882354
56 0.6153846153846154 1.0
57 0.5 0.5
58 0.5882352941176471 0.6470588235294118
59 0.5 0.4
60 0.6153846153846154 0.15384615384615385
61 0.5 0.45454545454545453
62 0.3 0.3
63 0.47058823529411764 0.5294117647058824
64 0.5294117647058824 0.5294117647058824
65 0.5294117647058824 0.5294117647058824
66 0.6153846153846154 0.6923076923076923
67 1.0833333333333333 0.9166666666666666
68 0.75 0.5
69 0.15384615384615385 0.15384615384615385
70 0.7333333333333333 0.6
71 0.4117647058823529 0.6470588235294118
72 0.47058823529411764 0.5294117647058824
73 1.6666666666666667 0.5
74 0.5652173913043478 0.5217391304347826
75 0.5882352941176471 0.4117647058823529
76 0.6923076923076923 0.6923076923076923
77 0.15384615384615385 0.8461538461538461
78 0.35294117647058826 0.35294117647058826
79 0.5882352941176471 0.5882352941176471
80 0.3076923076923077 0.38461538461538464
81 1.0833333333333333 1.0
82 0.4117647058823529 0.5294117647058824
83 0.5 0.6666666666666666
84 0.23529411764705882 0.5294117647058824
85 0.47058823529411764 1.0
86 0.5625 0.625
87 0.75 0.5
88 0.5909090909090909 0.45454545454545453
89 0.3076923076923077 0.38461538461538464
90 0.3181818181818182 0.45454545454545453
91 0.5 0.5
92 1.1666666666666667 0.5
93 0.6363636363636364 0.6363636363636364
94 0.5384615384615384 0.9230769230769231
95 0.45454545454545453 0.6363636363636364
96 0.5294117647058824 1.0588235294117647
97 0.75 0.75
98 0.4117647058823529 0.29411764705882354
99 0.5294117647058824 0.5294117647058824
avg 0.6048331571454971 0.6680215601746933
