0 0.3333333333333333 0.5
1 0.46153846153846156 0.6923076923076923
2 1.0 0.75
3 0.5625 0.4375
4 0.55 0.5
5 0.3333333333333333 0.75
6 0.5625 0.5625
7 0.5 0.5
8 0.3333333333333333 0.3333333333333333
9 0.5714285714285714 0.5714285714285714
10 0.25 0.6666666666666666
11 0.5625 0.375
12 0.6071428571428571 0.6785714285714286
13 0.5625 0.5625
14 0.5625 0.5625
15 0.5 0.5
16 0.25 0.6666666666666666
17 0.75 0.3333333333333333
18 0.5 0.3333333333333333
19 0.7058823529411765 0.5294117647058824
20 0.5294117647058824 0.5294117647058824
21 0.4117647058823529 0.47058823529411764
22 0.5 0.5
23 0.46153846153846156 0.23076923076923078
24 0.47058823529411764 0.47058823529411764
25 0.47058823529411764 0.5294117647058824
26 0.6363636363636364 0.6363636363636364
27 0.5294117647058824 0.5294117647058824
28 0.47058823529411764 0.5294117647058824
29 0.23076923076923078 0.6153846153846154
30 0.29411764705882354 0.29411764705882354
31 0.5 0.6666666666666666
32 0.3333333333333333 0.75
33 1.0 0.25
34 0.47058823529411764 0.6470588235294118
35 0.4117647058823529 0.35294117647058826
36 0.6923076923076923 0.9230769230769231
37 0.5294117647058824 0.35294117647058826
38 0.42857142857142855 0.47619047619047616
39 0.6153846153846154 0.6153846153846154
40 0.5882352941176471 0.47058823529411764
41 0.5909090909090909 0.5909090909090909
42 0.7333333333333333 0.6333333333333333
43 0.5454545454545454 0.6363636363636364
44 0.25 0.25
45 0.6153846153846154 0.23076923076923078
46 0.5 0.6666666666666666
47 0.5882352941176471 0.5882352941176471
48 0.3333333333333333 0.3333333333333333
49 0.5625 0.375
50 0.46153846153846156 0.38461538461538464
51 0.6363636363636364 0.6363636363636364
52 0.5294117647058824 0.5294117647058824
53 0.3333333333333333 0.4166666666666667
54 0.5882352941176471 0.47058823529411764
55 0.4117647058823529 0.5294117647058824
56 0.38461538461538464 0.8461538461538461
57 0.5 0.5
58 0.35294117647058826 0.5294117647058824
59 0.5 0.5
60 0.3076923076923077 0.23076923076923078
61 0.5 0.5
62 0.7 0.4666666666666667
63 0.5294117647058824 0.47058823529411764
64 0.35294117647058826 0.5294117647058824
65 0.5294117647058824 0.5294117647058824
66 0.6153846153846154 0.38461538461538464
67 0.25 0.6666666666666666
68 0.25 0.5
69 0.46153846153846156 0.23076923076923078
70 0.7333333333333333 0.6333333333333333
71 0.5882352941176471 0.5294117647058824
72 0.47058823529411764 0.5294117647058824
73 0.16666666666666666 0.5
74 0.6086956521739131 0.5652173913043478
75 0.5294117647058824 0.35294117647058826
76 0.46153846153846156 0.23076923076923078
77 0.15384615384615385 0.46153846153846156
78 0.4117647058823529 0.47058823529411764
79 0.5882352941176471 0.5882352941176471
80 0.6153846153846154 0.6923076923076923
81 0.3333333333333333 0.5
82 0.47058823529411764 0.5294117647058824
83 0.5 0.3333333333333333
84 0.4117647058823529 0.47058823529411764
85 0.35294117647058826 0.47058823529411764
86 0.375 0.5625
87 0.5 0.25
88 0.6363636363636364 0.36363636363636365
89 0.6923076923076923 0.6923076923076923
90 0.7272727272727273 0.6363636363636364
91 0.5 0.5
92 0.25 0.5833333333333334
93 0.5909090909090909 0.6363636363636364
94 0.07692307692307693 0.3076923076923077
95 0.45454545454545453 0.6363636363636364
96 0.5294117647058824 0.5294117647058824
97 0.25 0.5
98 0.23529411764705882 0.47058823529411764
99 0.47058823529411764 0.47058823529411764
avg 0.48631908713622257 0.5079831688984503
