0
0 0.5833333333333334 0.8333333333333334
1
1 0.20588235294117646 0.6764705882352942
2
2 0.47619047619047616 0.8095238095238095
3
3 0.23684210526315788 0.7631578947368421
4
4 0.35135135135135137 0.6756756756756757
5
5 0.05405405405405406 0.5405405405405406
6
6 0.625 1.0
7
7 0.14285714285714285 0.6666666666666666
8
8 0.29411764705882354 0.38235294117647056
9
9 0.5675675675675675 0.7837837837837838
10
10 0.2571428571428571 0.7142857142857143
11
11 0.24489795918367346 0.7346938775510204
12
12 0.24 0.8
13
13 0.2553191489361702 0.8723404255319149
14
14 0.25 0.6346153846153846
15
15 0.16666666666666666 0.6666666666666666
16
16 0.3023255813953488 0.7674418604651163
17
17 0.3488372093023256 0.627906976744186
18
18 0.5869565217391305 0.8695652173913043
19
19 0.21621621621621623 0.7297297297297297
20
20 0.22727272727272727 0.5681818181818182
21
21 0.1951219512195122 0.8292682926829268
22
22 0.5897435897435898 0.6923076923076923
23
23 0.3235294117647059 1.0
24
24 0.4186046511627907 0.7906976744186046
25
25 0.3055555555555556 0.5555555555555556
26
26 0.21428571428571427 0.5476190476190477
27
27 0.48717948717948717 0.8717948717948718
28
28 0.37777777777777777 0.6
29
29 0.35714285714285715 1.0357142857142858
30
30 0.375 0.8125
31
31 0.5526315789473685 0.5
32
32 0.39622641509433965 0.8301886792452831
33
33 0.38636363636363635 0.45454545454545453
34
34 0.6976744186046512 0.8837209302325582
35
35 0.9487179487179487 1.1282051282051282
36
36 0.22580645161290322 0.6129032258064516
37
37 0.5128205128205128 0.5641025641025641
38
38 0.6226415094339622 0.7169811320754716
39
39 0.16666666666666666 0.5
40
40 0.6578947368421053 0.7368421052631579
41
41 0.2857142857142857 0.8285714285714286
42
42 0.20454545454545456 0.7272727272727273
43
43 0.39473684210526316 0.868421052631579
44
44 0.25 0.75
45
45 0.3939393939393939 0.8181818181818182
46
46 0.3404255319148936 0.9361702127659575
47
47 0.4888888888888889 0.8222222222222222
48
48 0.375 0.625
49
49 0.18181818181818182 0.5681818181818182
50
50 0.3939393939393939 0.8787878787878788
51
51 0.4 0.7333333333333333
52
52 0.45454545454545453 0.7727272727272727
53
53 0.7567567567567568 0.6756756756756757
54
54 0.2857142857142857 0.8571428571428571
55
55 0.43333333333333335 0.6
56
56 0.45454545454545453 0.696969696969697
57
57 0.2894736842105263 0.631578947368421
58
58 0.42 0.8
59
59 0.3695652173913043 0.6086956521739131
60
60 0.2857142857142857 0.8
61
61 0.45454545454545453 0.9090909090909091
62
62 0.27906976744186046 0.7906976744186046
63
63 0.43243243243243246 0.7567567567567568
64
64 0.3409090909090909 0.9090909090909091
65
65 0.3541666666666667 0.7291666666666666
66
66 0.375 0.6875
67
67 0.4418604651162791 0.7674418604651163
68
68 0.40425531914893614 0.8297872340425532
69
69 0.4117647058823529 1.0294117647058822
70
70 0.32 0.96
71
71 0.34210526315789475 0.9473684210526315
72
72 0.5121951219512195 0.8292682926829268
73
73 0.18181818181818182 0.8181818181818182
74
74 0.4 0.9
75
75 0.2682926829268293 0.43902439024390244
76
76 0.7105263157894737 0.8421052631578947
77
77 1.0571428571428572 1.0285714285714285
78
78 0.1956521739130435 0.7391304347826086
79
79 0.5 0.75
80
80 0.5757575757575758 0.7878787878787878
81
81 0.3023255813953488 0.7674418604651163
82
82 0.38095238095238093 0.7857142857142857
83
83 0.2708333333333333 0.5625
84
84 0.3333333333333333 0.717948717948718
85
85 0.2682926829268293 0.8048780487804879
86
86 0.5106382978723404 0.7446808510638298
87
87 0.30952380952380953 0.8333333333333334
88
88 0.4444444444444444 0.7222222222222222
89
89 0.3157894736842105 0.7368421052631579
90
90 0.38095238095238093 1.0238095238095237
91
91 0.4358974358974359 0.7435897435897436
92
92 0.40540540540540543 0.8378378378378378
93
93 0.20833333333333334 0.7708333333333334
94
94 0.3 0.8333333333333334
95
95 0.45098039215686275 0.7254901960784313
96
96 0.27906976744186046 0.7674418604651163
97
97 0.325 0.825
98
98 0.6129032258064516 0.5806451612903226
99
99 0.6571428571428571 0.6857142857142857
avg 0.38652184444688203 0.756985414504434
