0 0.5 1.3
1 0.3333333333333333 1.1111111111111112
2 0.7 1.1
3 0.25 1.1666666666666667
4 0.5454545454545454 0.8181818181818182
5 0.25 0.6666666666666666
6 0.8333333333333334 1.3333333333333333
7 0.15384615384615385 0.8461538461538461
8 0.18181818181818182 0.45454545454545453
9 0.6666666666666666 0.9166666666666666
10 0.5 0.8
11 0.5 1.0714285714285714
12 0.42857142857142855 1.1428571428571428
13 0.35714285714285715 1.2142857142857142
14 0.2857142857142857 1.0714285714285714
15 0.21428571428571427 0.7142857142857143
16 0.45454545454545453 1.0909090909090908
17 0.5 0.9166666666666666
18 0.7272727272727273 1.4545454545454546
19 0.25 1.0
20 0.38461538461538464 0.7692307692307693
21 0.3076923076923077 1.0769230769230769
22 0.6363636363636364 1.0
23 0.4166666666666667 1.0
24 0.4166666666666667 1.3333333333333333
25 0.4166666666666667 0.6666666666666666
26 0.3333333333333333 0.8333333333333334
27 0.46153846153846156 1.0769230769230769
28 0.5 1.1666666666666667
29 0.45454545454545453 1.1818181818181819
30 0.45454545454545453 0.6363636363636364
31 1.0 0.8181818181818182
32 0.5 1.4166666666666667
33 0.6363636363636364 0.9090909090909091
34 0.7272727272727273 1.0
35 1.0 1.5
36 0.3333333333333333 0.8888888888888888
37 0.5833333333333334 0.8333333333333334
38 0.7333333333333333 1.0666666666666667
39 0.25 0.5833333333333334
40 0.5833333333333334 0.9166666666666666
41 0.45454545454545453 1.1818181818181819
42 0.38461538461538464 1.0
43 0.5454545454545454 1.0909090909090908
44 0.4166666666666667 0.75
45 0.4166666666666667 0.9166666666666666
46 0.5833333333333334 1.3333333333333333
47 0.7692307692307693 1.1538461538461537
48 0.5833333333333334 0.75
49 0.2857142857142857 0.7857142857142857
50 0.5 1.1
51 0.5833333333333334 0.8333333333333334
52 0.5384615384615384 1.0769230769230769
53 0.7272727272727273 1.0
54 0.36363636363636365 1.0909090909090908
55 0.6363636363636364 0.6363636363636364
56 0.4444444444444444 1.1111111111111112
57 0.18181818181818182 1.0
58 0.35714285714285715 0.9285714285714286
59 0.3333333333333333 0.8333333333333334
60 0.4166666666666667 0.9166666666666666
61 0.4166666666666667 1.1666666666666667
62 0.23076923076923078 1.0
63 0.7272727272727273 1.0
64 0.4 1.8
65 0.2857142857142857 0.9285714285714286
66 0.5 0.9
67 0.3333333333333333 1.1666666666666667
68 0.46153846153846156 1.1538461538461537
69 0.5 1.0833333333333333
70 0.42857142857142855 1.5
71 0.4166666666666667 1.1666666666666667
72 0.6 1.3
73 0.2727272727272727 1.1818181818181819
74 0.4666666666666667 1.2
75 0.38461538461538464 0.8461538461538461
76 0.75 0.9166666666666666
77 1.0 1.1818181818181819
78 0.21428571428571427 0.9285714285714286
79 0.6666666666666666 1.0
80 0.5 1.3
81 0.45454545454545453 1.4545454545454546
82 0.46153846153846156 1.1538461538461537
83 0.45454545454545453 1.0
84 0.36363636363636365 1.0
85 0.38461538461538464 1.1538461538461537
86 0.7142857142857143 1.0714285714285714
87 0.6363636363636364 1.4545454545454546
88 0.8181818181818182 1.0909090909090908
89 0.4 0.9
90 0.5 1.5
91 0.5454545454545454 1.3636363636363635
92 0.6363636363636364 1.0
93 0.25 1.4166666666666667
94 0.3 1.2
95 0.5 0.9285714285714286
96 0.38461538461538464 0.9230769230769231
97 0.5454545454545454 1.1818181818181819
98 0.45454545454545453 0.8181818181818182
99 0.5454545454545454 0.9090909090909091
