0 0.0 0.5833333333333334
1 0.0 0.15384615384615385
2 0.16666666666666666 0.5833333333333334
3 0.0625 0.25
4 0.1 0.3
5 0.08333333333333333 0.16666666666666666
6 0.5625 0.4375
7 0.4166666666666667 0.6666666666666666
8 0.75 0.4166666666666667
9 0.5238095238095238 0.42857142857142855
10 0.0 0.0
11 0.4375 0.1875
12 0.25 0.25
13 0.4375 0.5625
14 0.1875 0.3125
15 0.5 0.8333333333333334
16 0.0 0.08333333333333333
17 0.75 0.16666666666666666
18 0.5 0.5833333333333334
19 0.17647058823529413 0.29411764705882354
20 0.058823529411764705 0.5882352941176471
21 0.11764705882352941 0.23529411764705882
22 0.4166666666666667 0.5833333333333334
23 0.0 0.0
24 0.0 0.35294117647058826
25 0.0 0.35294117647058826
26 0.3181818181818182 0.4090909090909091
27 0.11764705882352941 0.11764705882352941
28 0.47058823529411764 0.5294117647058824
29 0.6923076923076923 0.6923076923076923
30 0.47058823529411764 0.23529411764705882
31 0.3333333333333333 0.3333333333333333
32 0.3333333333333333 0.25
33 1.1666666666666667 0.9166666666666666
34 0.5294117647058824 0.5294117647058824
35 0.47058823529411764 0.47058823529411764
36 0.6153846153846154 0.6153846153846154
37 0.5294117647058824 0.5294117647058824
38 0.5714285714285714 0.5714285714285714
39 0.6153846153846154 0.7692307692307693
40 0.5294117647058824 0.5294117647058824
41 0.6363636363636364 0.6818181818181818
42 0.5 0.5
43 0.6363636363636364 0.5909090909090909
44 0.5 1.3333333333333333
45 0.46153846153846156 0.46153846153846156
46 0.75 0.75
47 0.47058823529411764 0.47058823529411764
48 0.5 0.5833333333333334
49 0.5625 0.5625
50 1.0 0.5384615384615384
51 0.45454545454545453 0.7272727272727273
52 0.47058823529411764 0.47058823529411764
53 1.0833333333333333 0.9166666666666666
54 0.5294117647058824 0.5294117647058824
55 0.35294117647058826 0.35294117647058826
56 0.15384615384615385 0.15384615384615385
57 0.08333333333333333 0.3333333333333333
58 0.47058823529411764 0.47058823529411764
59 0.5 0.5
60 0.9230769230769231 1.0769230769230769
61 0.45454545454545453 0.5
62 0.5 0.6
63 0.29411764705882354 0.29411764705882354
64 0.29411764705882354 0.5882352941176471
65 0.4117647058823529 0.4117647058823529
66 0.6153846153846154 0.6153846153846154
67 0.5 0.5
68 0.75 0.9166666666666666
69 0.6923076923076923 0.46153846153846156
70 0.6 0.6
71 0.5294117647058824 0.5294117647058824
72 0.47058823529411764 0.47058823529411764
73 0.4166666666666667 1.25
74 0.43478260869565216 0.5652173913043478
75 0.17647058823529413 0.29411764705882354
76 0.6923076923076923 0.38461538461538464
77 0.6923076923076923 0.6923076923076923
78 0.4117647058823529 0.4117647058823529
79 0.5294117647058824 0.5882352941176471
80 0.46153846153846156 0.46153846153846156
81 0.3333333333333333 0.3333333333333333
82 0.5294117647058824 0.5294117647058824
83 1.8333333333333333 1.75
84 0.5294117647058824 0.5294117647058824
85 0.4117647058823529 0.47058823529411764
86 0.4375 0.4375
87 1.3333333333333333 1.25
88 0.45454545454545453 0.45454545454545453
89 0.38461538461538464 0.38461538461538464
90 0.6363636363636364 0.45454545454545453
91 0.75 1.0
92 1.1666666666666667 0.75
93 0.5909090909090909 0.5909090909090909
94 0.38461538461538464 0.38461538461538464
95 0.45454545454545453 0.3181818181818182
96 0.47058823529411764 0.47058823529411764
97 0.6666666666666666 0.6666666666666666
98 0.4117647058823529 0.47058823529411764
99 0.4117647058823529 0.4117647058823529
avg 0.4741889188177552 0.5166805572943681
