0 0.5833333333333334 0.5833333333333334
1 0.7692307692307693 0.46153846153846156
2 0.5833333333333334 1.25
3 0.5 0.5
4 0.55 0.5
5 0.08333333333333333 0.6666666666666666
6 0.4375 0.4375
7 0.5 1.0833333333333333
8 0.16666666666666666 0.5833333333333334
9 0.3333333333333333 0.5714285714285714
10 0.08333333333333333 0.75
11 0.375 0.1875
12 0.6071428571428571 0.6071428571428571
13 0.375 0.4375
14 0.375 0.4375
15 0.4166666666666667 0.5833333333333334
16 0.16666666666666666 0.6666666666666666
17 0.16666666666666666 0.16666666666666666
18 0.08333333333333333 0.25
19 0.11764705882352941 0.5294117647058824
20 0.17647058823529413 0.5882352941176471
21 0.11764705882352941 0.47058823529411764
22 0.4166666666666667 0.9166666666666666
23 0.38461538461538464 0.7692307692307693
24 0.35294117647058826 0.17647058823529413
25 0.17647058823529413 0.23529411764705882
26 0.3181818181818182 0.5
27 0.17647058823529413 0.29411764705882354
28 0.17647058823529413 0.17647058823529413
29 0.6153846153846154 0.23076923076923078
30 0.4117647058823529 0.35294117647058826
31 1.0833333333333333 0.16666666666666666
32 0.5 0.16666666666666666
33 0.5833333333333334 0.6666666666666666
34 0.4117647058823529 0.47058823529411764
35 0.5294117647058824 0.35294117647058826
36 0.38461538461538464 0.46153846153846156
37 0.4117647058823529 0.23529411764705882
38 0.2857142857142857 0.42857142857142855
39 0.07692307692307693 0.07692307692307693
40 0.47058823529411764 0.5294117647058824
41 0.0 0.3181818181818182
42 0.5333333333333333 0.7
43 0.09090909090909091 0.5909090909090909
44 0.08333333333333333 0.75
45 0.6153846153846154 0.5384615384615384
46 0.5833333333333334 0.75
47 0.5294117647058824 0.5882352941176471
48 0.5833333333333334 0.5833333333333334
49 0.0 0.125
50 0.15384615384615385 0.6153846153846154
51 0.45454545454545453 0.5
52 0.29411764705882354 0.23529411764705882
53 0.5833333333333334 0.5833333333333334
54 0.4117647058823529 0.5294117647058824
55 0.23529411764705882 0.4117647058823529
56 0.8461538461538461 0.6153846153846154
57 0.16666666666666666 0.5833333333333334
58 0.35294117647058826 0.29411764705882354
59 0.45 0.5
60 0.0 0.5384615384615384
61 0.5 0.45454545454545453
62 0.13333333333333333 0.5333333333333333
63 0.23529411764705882 0.47058823529411764
64 0.35294117647058826 0.5294117647058824
65 0.17647058823529413 0.47058823529411764
66 0.6153846153846154 1.0
67 0.5 0.75
68 0.5 0.5833333333333334
69 0.38461538461538464 0.5384615384615384
70 0.0 0.4666666666666667
71 0.47058823529411764 0.47058823529411764
72 0.47058823529411764 0.47058823529411764
73 0.08333333333333333 0.25
74 0.17391304347826086 0.5217391304347826
75 0.058823529411764705 0.29411764705882354
76 0.6153846153846154 0.6923076923076923
77 0.6923076923076923 0.6923076923076923
78 0.0 0.7647058823529411
79 0.47058823529411764 0.47058823529411764
80 0.46153846153846156 0.6153846153846154
81 0.08333333333333333 0.6666666666666666
82 0.35294117647058826 0.47058823529411764
83 0.6666666666666666 0.16666666666666666
84 0.23529411764705882 0.4117647058823529
85 0.058823529411764705 0.4117647058823529
86 0.4375 0.4375
87 0.5833333333333334 1.0
88 0.45454545454545453 0.5
89 0.8461538461538461 0.6153846153846154
90 0.22727272727272727 0.3181818181818182
91 0.08333333333333333 0.25
92 0.08333333333333333 0.75
93 0.36363636363636365 0.5
94 0.23076923076923078 0.3076923076923077
95 0.09090909090909091 0.5909090909090909
96 0.17647058823529413 0.5294117647058824
97 0.16666666666666666 0.5833333333333334
98 0.29411764705882354 0.5882352941176471
99 0.29411764705882354 0.11764705882352941
avg 0.34925744545309767 0.5012451650012392
