0 0.5833333333333334 1.0833333333333333
1 0.6153846153846154 0.6153846153846154
2 0.5833333333333334 0.25
3 0.5 1.1875
4 0.6 0.5
5 0.5833333333333334 0.6666666666666666
6 0.6875 0.5
7 1.6666666666666667 0.5
8 0.5 0.5
9 0.47619047619047616 0.42857142857142855
10 0.75 1.1666666666666667
11 0.4375 1.125
12 0.7142857142857143 0.7142857142857143
13 1.125 0.625
14 1.125 1.125
15 1.0 0.6666666666666666
16 1.1666666666666667 0.5
17 1.75 0.6666666666666666
18 1.25 1.0
19 1.0588235294117647 0.5294117647058824
20 0.9411764705882353 1.0588235294117647
21 0.058823529411764705 0.47058823529411764
22 0.5833333333333334 0.5
23 0.15384615384615385 0.15384615384615385
24 0.23529411764705882 0.5294117647058824
25 0.4117647058823529 0.4117647058823529
26 0.7272727272727273 0.6363636363636364
27 1.0588235294117647 0.29411764705882354
28 0.4117647058823529 0.5294117647058824
29 0.15384615384615385 0.15384615384615385
30 0.23529411764705882 0.29411764705882354
31 0.6666666666666666 0.75
32 0.9166666666666666 1.0
33 0.6666666666666666 0.75
34 0.5294117647058824 0.6470588235294118
35 0.23529411764705882 0.5294117647058824
36 1.0 0.3076923076923077
37 0.23529411764705882 0.5294117647058824
38 0.7142857142857143 0.9523809523809523
39 0.8461538461538461 0.5384615384615384
40 0.47058823529411764 1.0588235294117647
41 0.6363636363636364 0.6363636363636364
42 0.6 0.7333333333333333
43 0.5454545454545454 0.6363636363636364
44 1.75 0.5
45 0.15384615384615385 0.15384615384615385
46 0.5 0.5
47 1.1176470588235294 1.1176470588235294
48 0.5833333333333334 0.6666666666666666
49 1.125 0.5625
50 0.6153846153846154 0.38461538461538464
51 0.6363636363636364 0.45454545454545453
52 0.5294117647058824 0.29411764705882354
53 1.75 0.5833333333333334
54 0.47058823529411764 0.6470588235294118
55 0.47058823529411764 0.29411764705882354
56 1.0 0.6153846153846154
57 0.5833333333333334 0.5
58 0.4117647058823529 0.4117647058823529
59 0.35 0.45
60 0.15384615384615385 0.8461538461538461
61 0.6363636363636364 0.6363636363636364
62 0.3 0.5
63 0.4117647058823529 0.5294117647058824
64 0.23529411764705882 0.4117647058823529
65 1.0588235294117647 0.5294117647058824
66 0.6153846153846154 0.6153846153846154
67 1.0 0.5
68 1.0833333333333333 0.9166666666666666
69 0.15384615384615385 0.15384615384615385
70 0.7333333333333333 0.7333333333333333
71 0.47058823529411764 0.6470588235294118
72 0.4117647058823529 0.4117647058823529
73 0.5833333333333334 0.75
74 0.5652173913043478 0.43478260869565216
75 1.0588235294117647 1.0588235294117647
76 0.15384615384615385 1.0769230769230769
77 0.15384615384615385 0.15384615384615385
78 0.4117647058823529 0.4117647058823529
79 0.5882352941176471 0.6470588235294118
80 1.0 1.0
81 0.9166666666666666 1.25
82 0.4117647058823529 0.47058823529411764
83 0.75 0.5
84 0.4117647058823529 0.5294117647058824
85 0.47058823529411764 0.47058823529411764
86 1.375 0.5625
87 1.75 1.25
88 0.5 0.45454545454545453
89 1.0 0.6153846153846154
90 0.22727272727272727 0.6363636363636364
91 0.5 0.5
92 1.75 1.1666666666666667
93 0.6363636363636364 0.6363636363636364
94 0.5384615384615384 0.6153846153846154
95 0.6363636363636364 0.6363636363636364
96 0.8235294117647058 0.5294117647058824
97 1.5 0.75
98 0.23529411764705882 0.5294117647058824
99 0.23529411764705882 0.5294117647058824
avg 0.6870213684440029 0.6218409824404071
