0 0.0 0.5833333333333334
1 0.6153846153846154 0.3076923076923077
2 0.5 0.5833333333333334
3 0.125 0.4375
4 0.1 0.25
5 0.0 0.16666666666666666
6 0.375 0.4375
7 0.5 0.16666666666666666
8 0.0 0.4166666666666667
9 0.47619047619047616 0.6666666666666666
10 0.0 0.5833333333333334
11 0.0625 0.1875
12 0.6071428571428571 0.6071428571428571
13 0.375 0.5
14 0.375 0.5
15 0.5 0.5
16 0.0 0.5833333333333334
17 0.08333333333333333 0.5833333333333334
18 0.4166666666666667 0.08333333333333333
19 0.17647058823529413 0.17647058823529413
20 0.058823529411764705 0.17647058823529413
21 0.058823529411764705 0.11764705882352941
22 0.0 1.0833333333333333
23 0.15384615384615385 1.0769230769230769
24 0.0 0.058823529411764705
25 0.11764705882352941 0.23529411764705882
26 0.0 0.045454545454545456
27 0.11764705882352941 0.17647058823529413
28 0.47058823529411764 0.4117647058823529
29 0.0 0.5384615384615384
30 0.11764705882352941 0.11764705882352941
31 0.16666666666666666 0.5
32 0.0 0.08333333333333333
33 0.08333333333333333 1.25
34 0.11764705882352941 0.5882352941176471
35 0.0 0.35294117647058826
36 1.4615384615384615 0.9230769230769231
37 0.0 0.29411764705882354
38 0.09523809523809523 0.2857142857142857
39 0.23076923076923078 0.07692307692307693
40 0.0 0.23529411764705882
41 0.36363636363636365 0.5
42 0.5333333333333333 0.6
43 0.0 0.4090909090909091
44 0.0 0.16666666666666666
45 0.0 0.5384615384615384
46 0.08333333333333333 0.25
47 0.0 0.23529411764705882
48 0.08333333333333333 0.6666666666666666
49 0.0 1.125
50 0.0 0.7692307692307693
51 0.13636363636363635 0.22727272727272727
52 0.17647058823529413 0.29411764705882354
53 0.5833333333333334 0.5833333333333334
54 0.058823529411764705 0.47058823529411764
55 0.23529411764705882 0.11764705882352941
56 0.8461538461538461 0.46153846153846156
57 0.0 0.5
58 0.11764705882352941 0.23529411764705882
59 0.0 0.35
60 0.0 0.46153846153846156
61 0.0 0.22727272727272727
62 0.23333333333333334 0.5333333333333333
63 0.4117647058823529 0.29411764705882354
64 0.11764705882352941 0.17647058823529413
65 0.17647058823529413 0.29411764705882354
66 0.6153846153846154 0.46153846153846156
67 0.0 1.6666666666666667
68 0.0 1.3333333333333333
69 0.0 0.46153846153846156
70 0.0 0.16666666666666666
71 0.0 0.47058823529411764
72 0.11764705882352941 0.23529411764705882
73 0.0 0.08333333333333333
74 0.17391304347826086 0.30434782608695654
75 0.17647058823529413 0.17647058823529413
76 0.15384615384615385 0.15384615384615385
77 0.0 0.6923076923076923
78 0.0 0.058823529411764705
79 0.4117647058823529 0.5882352941176471
80 1.4615384615384615 0.9230769230769231
81 0.0 0.08333333333333333
82 0.0 0.11764705882352941
83 0.0 1.3333333333333333
84 0.0 0.29411764705882354
85 0.6470588235294118 0.058823529411764705
86 0.0 0.125
87 0.8333333333333334 0.08333333333333333
88 0.13636363636363635 0.2727272727272727
89 0.38461538461538464 1.3076923076923077
90 0.0 0.09090909090909091
91 0.0 0.8333333333333334
92 0.0 0.16666666666666666
93 0.13636363636363635 0.2727272727272727
94 0.23076923076923078 1.0769230769230769
95 0.0 0.5
96 0.17647058823529413 0.29411764705882354
97 0.0 0.0
98 0.0 0.058823529411764705
99 0.11764705882352941 0.7058823529411765
avg 0.184680284868584 0.4288690913732475
