0 0.08333333333333333 0.08333333333333333
1 0.0 0.15384615384615385
2 0.5833333333333334 0.8333333333333334
3 0.5 0.5
4 0.25 0.5
5 0.0 0.5833333333333334
6 0.6875 0.625
7 0.5 0.6666666666666666
8 0.08333333333333333 0.5833333333333334
9 0.19047619047619047 0.3333333333333333
10 0.08333333333333333 0.4166666666666667
11 0.375 0.5
12 0.07142857142857142 0.6785714285714286
13 0.5 0.4375
14 0.3125 0.375
15 0.4166666666666667 0.6666666666666666
16 0.0 0.16666666666666666
17 0.08333333333333333 0.16666666666666666
18 0.8333333333333334 1.25
19 0.17647058823529413 0.29411764705882354
20 0.17647058823529413 0.5882352941176471
21 0.23529411764705882 0.23529411764705882
22 0.75 0.5
23 0.3076923076923077 0.8461538461538461
24 0.29411764705882354 0.4117647058823529
25 0.11764705882352941 0.23529411764705882
26 0.3181818181818182 0.3181818181818182
27 0.17647058823529413 0.47058823529411764
28 0.058823529411764705 0.47058823529411764
29 0.9230769230769231 0.0
30 0.4117647058823529 0.23529411764705882
31 0.25 0.08333333333333333
32 0.08333333333333333 0.08333333333333333
33 0.6666666666666666 0.08333333333333333
34 0.5882352941176471 0.5882352941176471
35 0.5294117647058824 0.47058823529411764
36 0.0 0.46153846153846156
37 0.4117647058823529 0.4117647058823529
38 0.47619047619047616 0.42857142857142855
39 0.0 0.07692307692307693
40 0.4117647058823529 0.5882352941176471
41 0.0 0.22727272727272727
42 0.1 0.6
43 0.0 0.45454545454545453
44 0.08333333333333333 0.08333333333333333
45 0.9230769230769231 0.38461538461538464
46 0.0 1.3333333333333333
47 0.11764705882352941 0.5294117647058824
48 0.08333333333333333 0.5833333333333334
49 0.0 0.375
50 0.15384615384615385 0.46153846153846156
51 0.13636363636363635 0.22727272727272727
52 0.17647058823529413 0.35294117647058826
53 1.0833333333333333 0.16666666666666666
54 0.35294117647058826 1.1176470588235294
55 0.11764705882352941 0.11764705882352941
56 0.15384615384615385 0.46153846153846156
57 0.5 0.16666666666666666
58 0.23529411764705882 0.29411764705882354
59 0.1 0.5
60 0.0 0.5384615384615384
61 0.5 0.45454545454545453
62 0.16666666666666666 0.4666666666666667
63 0.23529411764705882 0.7058823529411765
64 0.11764705882352941 0.7058823529411765
65 0.17647058823529413 0.47058823529411764
66 0.3076923076923077 0.3076923076923077
67 0.4166666666666667 0.5
68 0.16666666666666666 1.3333333333333333
69 0.3076923076923077 0.9230769230769231
70 0.0 0.26666666666666666
71 0.35294117647058826 0.5882352941176471
72 0.47058823529411764 0.5294117647058824
73 0.08333333333333333 0.16666666666666666
74 0.17391304347826086 0.5652173913043478
75 0.4117647058823529 0.17647058823529413
76 0.6153846153846154 0.38461538461538464
77 0.6923076923076923 0.7692307692307693
78 0.0 0.8823529411764706
79 0.7647058823529411 0.5294117647058824
80 0.46153846153846156 0.6153846153846154
81 0.08333333333333333 0.25
82 0.11764705882352941 0.17647058823529413
83 0.5 0.16666666666666666
84 0.11764705882352941 0.4117647058823529
85 0.058823529411764705 0.11764705882352941
86 0.125 0.5
87 0.0 1.75
88 0.18181818181818182 0.45454545454545453
89 0.15384615384615385 0.3076923076923077
90 0.22727272727272727 0.3181818181818182
91 0.75 0.5833333333333334
92 0.16666666666666666 0.16666666666666666
93 0.0 0.22727272727272727
94 0.07692307692307693 0.3076923076923077
95 0.09090909090909091 0.45454545454545453
96 0.058823529411764705 0.47058823529411764
97 0.08333333333333333 0.6666666666666666
98 0.47058823529411764 0.11764705882352941
99 0.4117647058823529 0.4117647058823529
avg 0.2732975132284594 0.4557710623775201
