0 0.08333333333333333 0.5833333333333334
1 0.0 0.15384615384615385
2 0.16666666666666666 0.5
3 0.0625 0.25
4 0.1 0.3
5 0.5 0.08333333333333333
6 0.25 0.4375
7 0.4166666666666667 0.5833333333333334
8 0.16666666666666666 0.0
9 0.3333333333333333 0.5714285714285714
10 0.0 0.0
11 0.4375 0.5625
12 0.25 0.25
13 0.3125 0.25
14 0.25 0.5
15 0.5833333333333334 0.5833333333333334
16 0.0 0.08333333333333333
17 0.08333333333333333 0.08333333333333333
18 0.5 0.5
19 0.17647058823529413 0.29411764705882354
20 0.058823529411764705 0.17647058823529413
21 0.23529411764705882 0.7647058823529411
22 0.4166666666666667 0.16666666666666666
23 0.0 0.0
24 0.0 0.29411764705882354
25 0.0 0.35294117647058826
26 0.3181818181818182 0.4090909090909091
27 0.11764705882352941 0.11764705882352941
28 0.29411764705882354 0.5294117647058824
29 0.6923076923076923 0.6923076923076923
30 0.47058823529411764 0.23529411764705882
31 0.3333333333333333 0.3333333333333333
32 0.3333333333333333 0.25
33 1.1666666666666667 1.1666666666666667
34 0.5294117647058824 0.5294117647058824
35 0.47058823529411764 0.47058823529411764
36 0.6153846153846154 0.6153846153846154
37 0.5294117647058824 0.5294117647058824
38 0.5714285714285714 0.5714285714285714
39 1.0 0.6153846153846154
40 0.5294117647058824 0.5294117647058824
41 0.6363636363636364 0.6363636363636364
42 0.5 0.5
43 0.6363636363636364 0.6363636363636364
44 0.5 1.3333333333333333
45 0.46153846153846156 0.46153846153846156
46 0.75 0.75
47 0.47058823529411764 0.47058823529411764
48 1.0 0.9166666666666666
49 0.5625 0.5625
50 0.6153846153846154 0.6153846153846154
51 0.45454545454545453 0.45454545454545453
52 0.47058823529411764 0.47058823529411764
53 1.0833333333333333 0.8333333333333334
54 0.5294117647058824 0.5294117647058824
55 0.058823529411764705 0.35294117647058826
56 0.15384615384615385 0.3076923076923077
57 0.08333333333333333 0.3333333333333333
58 0.47058823529411764 0.47058823529411764
59 0.4 0.5
60 0.6923076923076923 1.0769230769230769
61 0.45454545454545453 0.45454545454545453
62 0.7 0.7
63 0.29411764705882354 0.29411764705882354
64 0.29411764705882354 0.29411764705882354
65 0.47058823529411764 0.7058823529411765
66 0.3076923076923077 0.46153846153846156
67 0.5 0.5
68 0.75 0.3333333333333333
69 0.6923076923076923 0.46153846153846156
70 0.6 0.6
71 0.5294117647058824 0.5294117647058824
72 0.47058823529411764 0.47058823529411764
73 1.25 0.4166666666666667
74 0.43478260869565216 0.43478260869565216
75 1.0588235294117647 0.29411764705882354
76 0.38461538461538464 0.38461538461538464
77 0.6923076923076923 0.6923076923076923
78 0.4117647058823529 0.4117647058823529
79 0.5294117647058824 0.5882352941176471
80 0.46153846153846156 0.46153846153846156
81 0.3333333333333333 0.6666666666666666
82 0.5294117647058824 0.5294117647058824
83 1.8333333333333333 0.75
84 0.5294117647058824 0.5294117647058824
85 0.4117647058823529 0.4117647058823529
86 0.4375 0.4375
87 1.3333333333333333 1.0
88 0.45454545454545453 0.45454545454545453
89 0.38461538461538464 0.38461538461538464
90 0.6363636363636364 0.5
91 0.75 0.75
92 1.1666666666666667 0.75
93 0.5909090909090909 0.5909090909090909
94 0.38461538461538464 0.38461538461538464
95 0.45454545454545453 0.45454545454545453
96 0.47058823529411764 0.47058823529411764
97 0.6666666666666666 0.6666666666666666
98 0.4117647058823529 0.17647058823529413
99 0.4117647058823529 0.29411764705882354
avg 0.47362163805929797 0.4782209333718284
