0 0.0 0.75
1 0.46153846153846156 0.3076923076923077
2 0.6666666666666666 0.6666666666666666
3 0.5 0.5625
4 0.25 0.5
5 0.0 0.5833333333333334
6 0.375 0.625
7 0.5833333333333334 0.5
8 0.75 0.5833333333333334
9 0.3333333333333333 0.42857142857142855
10 0.5833333333333334 0.6666666666666666
11 0.375 0.6875
12 0.6071428571428571 0.6071428571428571
13 0.5 0.625
14 0.5 0.75
15 0.5833333333333334 1.1666666666666667
16 0.9166666666666666 1.3333333333333333
17 0.16666666666666666 1.25
18 0.4166666666666667 0.5833333333333334
19 0.29411764705882354 0.4117647058823529
20 0.058823529411764705 0.17647058823529413
21 0.058823529411764705 0.7647058823529411
22 0.08333333333333333 0.6666666666666666
23 0.6153846153846154 0.15384615384615385
24 0.11764705882352941 0.47058823529411764
25 0.4117647058823529 0.5294117647058824
26 0.045454545454545456 0.6363636363636364
27 0.23529411764705882 0.17647058823529413
28 0.5882352941176471 0.17647058823529413
29 0.9230769230769231 0.15384615384615385
30 0.4117647058823529 0.23529411764705882
31 0.08333333333333333 0.75
32 0.5 0.16666666666666666
33 0.25 0.75
34 0.4117647058823529 0.47058823529411764
35 0.4117647058823529 0.7058823529411765
36 0.0 0.6153846153846154
37 0.17647058823529413 0.7058823529411765
38 0.42857142857142855 0.47619047619047616
39 0.15384615384615385 1.1538461538461537
40 0.4117647058823529 0.47058823529411764
41 0.22727272727272727 0.36363636363636365
42 0.6 0.7
43 0.22727272727272727 0.45454545454545453
44 1.0 1.0
45 0.5384615384615384 1.0769230769230769
46 0.75 1.1666666666666667
47 1.0588235294117647 0.5294117647058824
48 0.08333333333333333 1.0833333333333333
49 0.4375 0.4375
50 0.8461538461538461 0.46153846153846156
51 0.09090909090909091 0.45454545454545453
52 1.0588235294117647 0.5294117647058824
53 0.5833333333333334 0.6666666666666666
54 0.47058823529411764 0.5294117647058824
55 0.29411764705882354 0.5294117647058824
56 0.6153846153846154 0.46153846153846156
57 0.0 0.8333333333333334
58 1.0 0.35294117647058826
59 0.4 0.5
60 0.9230769230769231 0.6153846153846154
61 0.45454545454545453 0.45454545454545453
62 0.13333333333333333 0.5
63 0.47058823529411764 0.47058823529411764
64 0.4117647058823529 0.29411764705882354
65 0.4117647058823529 0.5882352941176471
66 0.46153846153846156 0.9230769230769231
67 0.5833333333333334 1.0
68 0.6666666666666666 0.75
69 0.5384615384615384 0.9230769230769231
70 0.6 0.5
71 0.47058823529411764 0.7058823529411765
72 0.5294117647058824 0.4117647058823529
73 0.4166666666666667 0.4166666666666667
74 0.30434782608695654 0.43478260869565216
75 0.17647058823529413 0.35294117647058826
76 0.5384615384615384 0.6923076923076923
77 0.46153846153846156 1.0769230769230769
78 0.058823529411764705 0.7647058823529411
79 0.7647058823529411 0.5294117647058824
80 0.7692307692307693 0.46153846153846156
81 0.25 0.5833333333333334
82 0.17647058823529413 0.35294117647058826
83 0.75 0.75
84 0.17647058823529413 0.29411764705882354
85 0.11764705882352941 0.11764705882352941
86 1.125 0.6875
87 0.5 1.1666666666666667
88 0.3181818181818182 0.4090909090909091
89 1.0 0.46153846153846156
90 0.13636363636363635 0.45454545454545453
91 0.6666666666666666 0.6666666666666666
92 1.0 0.5
93 0.36363636363636365 0.13636363636363635
94 0.07692307692307693 0.46153846153846156
95 0.36363636363636365 0.36363636363636365
96 0.17647058823529413 0.29411764705882354
97 0.75 0.16666666666666666
98 0.47058823529411764 0.17647058823529413
99 0.29411764705882354 0.4117647058823529
avg 0.4437938235038619 0.5744503852924567
