0 0.0 0.5833333333333334
1 0.6153846153846154 0.0
2 0.5 0.5833333333333334
3 0.25 0.375
4 0.1 0.25
5 0.0 0.0
6 0.375 0.4375
7 0.5 0.6666666666666666
8 0.08333333333333333 0.5833333333333334
9 0.2857142857142857 0.09523809523809523
10 0.0 0.5833333333333334
11 0.0625 0.1875
12 0.5714285714285714 0.5714285714285714
13 0.4375 0.5625
14 0.375 0.4375
15 0.5 0.5833333333333334
16 0.5 0.25
17 0.08333333333333333 0.6666666666666666
18 0.4166666666666667 0.4166666666666667
19 0.17647058823529413 0.17647058823529413
20 0.058823529411764705 0.17647058823529413
21 0.058823529411764705 0.35294117647058826
22 0.08333333333333333 0.6666666666666666
23 0.0 0.7692307692307693
24 0.0 0.058823529411764705
25 0.11764705882352941 0.11764705882352941
26 0.0 0.22727272727272727
27 0.11764705882352941 0.0
28 0.23529411764705882 0.4117647058823529
29 0.0 0.6153846153846154
30 0.11764705882352941 0.23529411764705882
31 0.08333333333333333 0.9166666666666666
32 0.08333333333333333 0.08333333333333333
33 0.0 0.6666666666666666
34 0.4117647058823529 0.7058823529411765
35 0.0 0.0
36 0.6923076923076923 0.9230769230769231
37 0.0 0.9411764705882353
38 0.0 0.23809523809523808
39 0.07692307692307693 0.07692307692307693
40 0.11764705882352941 0.23529411764705882
41 0.22727272727272727 0.45454545454545453
42 0.0 0.6
43 0.13636363636363635 0.4090909090909091
44 0.0 0.25
45 0.0 0.0
46 0.6666666666666666 0.6666666666666666
47 0.0 0.17647058823529413
48 0.08333333333333333 0.6666666666666666
49 0.0 0.125
50 0.0 0.5384615384615384
51 0.09090909090909091 0.5
52 0.17647058823529413 0.29411764705882354
53 0.0 0.5833333333333334
54 0.29411764705882354 0.5294117647058824
55 0.058823529411764705 0.11764705882352941
56 0.6923076923076923 0.7692307692307693
57 0.08333333333333333 0.16666666666666666
58 0.0 0.0
59 0.0 0.1
60 0.0 0.0
61 0.0 0.4090909090909091
62 0.23333333333333334 0.2
63 0.4117647058823529 0.5882352941176471
64 0.11764705882352941 0.11764705882352941
65 0.29411764705882354 0.29411764705882354
66 0.6923076923076923 0.8461538461538461
67 0.0 0.5833333333333334
68 0.5 1.3333333333333333
69 0.0 0.23076923076923078
70 0.0 0.0
71 0.0 0.4117647058823529
72 0.11764705882352941 0.11764705882352941
73 0.0 0.08333333333333333
74 0.17391304347826086 0.4782608695652174
75 0.058823529411764705 0.17647058823529413
76 0.15384615384615385 0.15384615384615385
77 0.46153846153846156 0.6923076923076923
78 0.0 0.058823529411764705
79 0.47058823529411764 0.35294117647058826
80 0.46153846153846156 0.3076923076923077
81 0.0 0.08333333333333333
82 0.0 0.11764705882352941
83 0.16666666666666666 0.6666666666666666
84 0.35294117647058826 0.29411764705882354
85 0.058823529411764705 0.7647058823529411
86 0.0625 0.0625
87 0.5833333333333334 0.5833333333333334
88 0.36363636363636365 0.2727272727272727
89 0.38461538461538464 0.6923076923076923
90 0.0 0.22727272727272727
91 0.08333333333333333 0.16666666666666666
92 0.0 0.25
93 0.09090909090909091 0.36363636363636365
94 0.0 0.6153846153846154
95 0.0 0.45454545454545453
96 0.17647058823529413 0.47058823529411764
97 0.0 0.25
98 0.35294117647058826 0.17647058823529413
99 0.23529411764705882 0.23529411764705882
avg 0.1765498466793223 0.3755868950955268
