0 0.0 0.4166666666666667
1 0.3076923076923077 0.9230769230769231
2 0.16666666666666666 0.16666666666666666
3 0.1875 0.5
4 0.25 0.45
5 0.0 0.5833333333333334
6 0.375 0.5625
7 0.5833333333333334 0.5
8 0.75 0.08333333333333333
9 0.2857142857142857 0.2857142857142857
10 0.08333333333333333 1.1666666666666667
11 0.375 0.375
12 0.25 0.5714285714285714
13 0.5 0.5625
14 0.4375 0.3125
15 0.4166666666666667 0.5833333333333334
16 0.08333333333333333 0.4166666666666667
17 0.08333333333333333 0.16666666666666666
18 0.5 0.16666666666666666
19 0.23529411764705882 0.4117647058823529
20 0.058823529411764705 1.0588235294117647
21 0.0 0.7647058823529411
22 0.0 0.16666666666666666
23 0.38461538461538464 0.15384615384615385
24 0.29411764705882354 0.35294117647058826
25 0.47058823529411764 0.29411764705882354
26 0.0 0.13636363636363635
27 0.0 0.23529411764705882
28 0.17647058823529413 0.29411764705882354
29 0.15384615384615385 0.0
30 0.4117647058823529 0.11764705882352941
31 0.6666666666666666 0.6666666666666666
32 0.16666666666666666 0.16666666666666666
33 0.6666666666666666 0.16666666666666666
34 0.4117647058823529 0.4117647058823529
35 0.35294117647058826 0.11764705882352941
36 0.0 0.3076923076923077
37 0.5294117647058824 0.4117647058823529
38 0.38095238095238093 0.2857142857142857
39 0.0 0.5384615384615384
40 0.35294117647058826 0.11764705882352941
41 0.13636363636363635 0.45454545454545453
42 0.1 0.5333333333333333
43 0.09090909090909091 0.13636363636363635
44 0.6666666666666666 0.5
45 0.5384615384615384 0.7692307692307693
46 0.6666666666666666 1.0833333333333333
47 0.5294117647058824 0.47058823529411764
48 0.08333333333333333 0.5833333333333334
49 0.375 0.6875
50 0.15384615384615385 0.46153846153846156
51 0.36363636363636365 0.3181818181818182
52 0.17647058823529413 1.0588235294117647
53 0.16666666666666666 0.3333333333333333
54 0.5882352941176471 0.47058823529411764
55 0.5294117647058824 0.29411764705882354
56 0.3076923076923077 0.6923076923076923
57 0.0 0.08333333333333333
58 0.11764705882352941 0.7058823529411765
59 0.45 0.45
60 0.23076923076923078 0.8461538461538461
61 0.45454545454545453 0.22727272727272727
62 0.3 0.5666666666666667
63 0.23529411764705882 0.35294117647058826
64 0.35294117647058826 0.29411764705882354
65 0.47058823529411764 0.5882352941176471
66 0.15384615384615385 0.3076923076923077
67 0.4166666666666667 0.75
68 0.8333333333333334 0.75
69 0.23076923076923078 0.15384615384615385
70 0.1 0.6
71 0.47058823529411764 0.5294117647058824
72 0.35294117647058826 0.4117647058823529
73 0.0 0.8333333333333334
74 0.43478260869565216 0.30434782608695654
75 0.17647058823529413 0.17647058823529413
76 0.8461538461538461 1.0769230769230769
77 0.6923076923076923 0.15384615384615385
78 0.0 0.7647058823529411
79 0.5882352941176471 0.6470588235294118
80 0.15384615384615385 0.9230769230769231
81 0.25 0.5833333333333334
82 0.17647058823529413 0.23529411764705882
83 1.0 0.6666666666666666
84 0.35294117647058826 0.11764705882352941
85 0.29411764705882354 0.4117647058823529
86 0.5625 0.5625
87 0.5 0.75
88 0.045454545454545456 0.2727272727272727
89 0.15384615384615385 0.46153846153846156
90 0.0 0.45454545454545453
91 0.5 0.3333333333333333
92 0.8333333333333334 1.0
93 0.4090909090909091 0.0
94 0.0 0.38461538461538464
95 0.09090909090909091 0.22727272727272727
96 0.058823529411764705 0.4117647058823529
97 0.08333333333333333 0.16666666666666666
98 0.35294117647058826 0.35294117647058826
99 0.4117647058823529 1.0588235294117647
avg 0.3095862910533625 0.45765333653984547
