0 0.08333333333333333 0.6666666666666666
1 0.5384615384615384 0.6923076923076923
2 0.25 0.5833333333333334
3 0.1875 0.3125
4 0.25 0.45
5 0.0 0.5833333333333334
6 0.4375 0.4375
7 0.8333333333333334 0.5833333333333334
8 0.08333333333333333 0.5833333333333334
9 0.3333333333333333 0.7142857142857143
10 0.16666666666666666 0.75
11 0.0625 0.4375
12 0.6071428571428571 0.6428571428571429
13 0.5625 0.4375
14 0.375 1.125
15 0.5833333333333334 0.75
16 0.0 0.0
17 0.08333333333333333 0.5833333333333334
18 0.08333333333333333 0.5833333333333334
19 0.5294117647058824 0.5294117647058824
20 0.058823529411764705 0.5882352941176471
21 0.0 0.17647058823529413
22 0.08333333333333333 0.16666666666666666
23 0.6923076923076923 1.0769230769230769
24 0.0 0.29411764705882354
25 0.23529411764705882 0.47058823529411764
26 0.0 0.45454545454545453
27 0.5294117647058824 0.4117647058823529
28 0.17647058823529413 0.29411764705882354
29 0.7692307692307693 0.0
30 0.4117647058823529 0.29411764705882354
31 0.25 0.3333333333333333
32 0.16666666666666666 0.5833333333333334
33 0.16666666666666666 0.25
34 0.5294117647058824 0.5294117647058824
35 0.11764705882352941 0.29411764705882354
36 0.0 0.3076923076923077
37 0.35294117647058826 0.5882352941176471
38 0.23809523809523808 0.2857142857142857
39 0.5384615384615384 1.0
40 0.47058823529411764 0.5294117647058824
41 0.5454545454545454 0.5
42 0.4666666666666667 0.5
43 0.0 0.45454545454545453
44 0.5833333333333334 0.75
45 0.9230769230769231 0.5384615384615384
46 0.6666666666666666 0.6666666666666666
47 0.5294117647058824 0.4117647058823529
48 0.16666666666666666 0.25
49 0.4375 0.25
50 0.6153846153846154 0.6153846153846154
51 0.18181818181818182 0.45454545454545453
52 0.29411764705882354 0.29411764705882354
53 0.16666666666666666 0.3333333333333333
54 0.4117647058823529 0.35294117647058826
55 0.4117647058823529 0.17647058823529413
56 0.46153846153846156 0.6153846153846154
57 0.0 0.6666666666666666
58 0.23529411764705882 0.47058823529411764
59 0.5 0.35
60 0.6153846153846154 0.6153846153846154
61 0.5 0.36363636363636365
62 0.13333333333333333 0.5
63 0.35294117647058826 0.7647058823529411
64 0.4117647058823529 0.5294117647058824
65 0.23529411764705882 0.4117647058823529
66 0.6923076923076923 0.6923076923076923
67 0.5 0.6666666666666666
68 0.5833333333333334 0.16666666666666666
69 0.23076923076923078 0.38461538461538464
70 0.4666666666666667 0.6333333333333333
71 0.7058823529411765 0.7647058823529411
72 0.35294117647058826 0.35294117647058826
73 0.3333333333333333 0.6666666666666666
74 0.4782608695652174 0.5217391304347826
75 0.23529411764705882 0.29411764705882354
76 1.0 0.6923076923076923
77 0.46153846153846156 0.7692307692307693
78 0.11764705882352941 0.4117647058823529
79 0.5294117647058824 0.5294117647058824
80 0.46153846153846156 0.7692307692307693
81 0.25 0.16666666666666666
82 0.35294117647058826 0.5882352941176471
83 0.9166666666666666 0.6666666666666666
84 0.4117647058823529 0.7058823529411765
85 0.11764705882352941 0.7647058823529411
86 0.5625 0.4375
87 0.5833333333333334 0.6666666666666666
88 0.45454545454545453 0.45454545454545453
89 0.6923076923076923 0.9230769230769231
90 0.13636363636363635 0.45454545454545453
91 0.5 1.75
92 0.5833333333333334 1.1666666666666667
93 0.0 0.36363636363636365
94 0.46153846153846156 0.5384615384615384
95 0.18181818181818182 0.45454545454545453
96 0.17647058823529413 1.0588235294117647
97 1.0 0.75
98 0.4117647058823529 0.5882352941176471
99 0.29411764705882354 0.29411764705882354
avg 0.36919011785316125 0.5331878350762621
