0 0.08333333333333333 0.5
1 0.0 0.15384615384615385
2 0.5833333333333334 0.8333333333333334
3 0.5 0.4375
4 0.25 0.6
5 0.0 0.25
6 0.375 0.5
7 0.4166666666666667 0.6666666666666666
8 0.16666666666666666 0.08333333333333333
9 0.3333333333333333 0.47619047619047616
10 0.08333333333333333 0.4166666666666667
11 0.375 0.4375
12 0.6071428571428571 0.6071428571428571
13 0.4375 0.375
14 0.1875 0.5625
15 0.4166666666666667 0.4166666666666667
16 0.08333333333333333 0.08333333333333333
17 0.0 0.16666666666666666
18 0.16666666666666666 0.6666666666666666
19 0.17647058823529413 0.29411764705882354
20 0.17647058823529413 1.0588235294117647
21 0.17647058823529413 0.4117647058823529
22 0.5 0.5833333333333334
23 0.9230769230769231 0.6153846153846154
24 0.0 0.5882352941176471
25 0.11764705882352941 0.11764705882352941
26 0.3181818181818182 0.09090909090909091
27 0.11764705882352941 0.4117647058823529
28 0.058823529411764705 0.17647058823529413
29 0.15384615384615385 0.15384615384615385
30 0.35294117647058826 0.23529411764705882
31 0.9166666666666666 0.08333333333333333
32 0.08333333333333333 0.08333333333333333
33 0.6666666666666666 0.08333333333333333
34 0.5882352941176471 0.5294117647058824
35 0.5294117647058824 0.23529411764705882
36 0.0 0.7692307692307693
37 0.23529411764705882 0.11764705882352941
38 0.2857142857142857 0.3333333333333333
39 0.0 0.0
40 0.47058823529411764 0.5294117647058824
41 0.0 0.45454545454545453
42 0.6 0.7
43 0.0 0.5909090909090909
44 0.08333333333333333 0.16666666666666666
45 0.23076923076923078 0.38461538461538464
46 0.08333333333333333 1.1666666666666667
47 0.11764705882352941 0.5294117647058824
48 0.08333333333333333 0.5833333333333334
49 0.0 0.6875
50 0.15384615384615385 0.15384615384615385
51 0.13636363636363635 0.22727272727272727
52 0.17647058823529413 0.17647058823529413
53 0.5833333333333334 0.8333333333333334
54 0.35294117647058826 0.5294117647058824
55 0.11764705882352941 0.11764705882352941
56 0.15384615384615385 0.6153846153846154
57 0.4166666666666667 0.5833333333333334
58 0.11764705882352941 0.5882352941176471
59 0.45 0.5
60 0.0 0.5384615384615384
61 0.45454545454545453 0.5
62 0.13333333333333333 0.6
63 0.23529411764705882 0.17647058823529413
64 0.11764705882352941 0.17647058823529413
65 0.17647058823529413 0.17647058823529413
66 0.5384615384615384 0.3076923076923077
67 0.5833333333333334 0.75
68 0.16666666666666666 1.1666666666666667
69 0.9230769230769231 0.38461538461538464
70 0.16666666666666666 0.6
71 0.4117647058823529 0.5882352941176471
72 0.47058823529411764 0.5882352941176471
73 0.08333333333333333 0.16666666666666666
74 0.17391304347826086 0.4782608695652174
75 0.17647058823529413 0.29411764705882354
76 1.0769230769230769 0.6153846153846154
77 0.6923076923076923 0.6923076923076923
78 0.0 0.47058823529411764
79 0.47058823529411764 0.47058823529411764
80 0.5384615384615384 0.6153846153846154
81 0.0 0.75
82 0.23529411764705882 0.11764705882352941
83 0.0 0.16666666666666666
84 0.23529411764705882 0.4117647058823529
85 0.058823529411764705 0.7647058823529411
86 0.3125 0.3125
87 0.0 0.4166666666666667
88 0.36363636363636365 0.5909090909090909
89 0.15384615384615385 0.3076923076923077
90 0.22727272727272727 0.45454545454545453
91 0.75 0.16666666666666666
92 0.16666666666666666 0.16666666666666666
93 0.0 0.22727272727272727
94 0.07692307692307693 0.38461538461538464
95 0.09090909090909091 0.45454545454545453
96 0.17647058823529413 0.29411764705882354
97 0.16666666666666666 0.16666666666666666
98 0.11764705882352941 0.35294117647058826
99 0.23529411764705882 0.29411764705882354
avg 0.26727230559295767 0.4248084039788004
