0 0.3333333333333333 0.3333333333333333
1 0.6923076923076923 0.6923076923076923
2 0.4166666666666667 0.5
3 0.5 0.6875
4 0.5 0.55
5 0.3333333333333333 0.5
6 0.5 0.4375
7 0.75 0.5
8 0.3333333333333333 0.3333333333333333
9 0.5714285714285714 0.47619047619047616
10 0.4166666666666667 0.4166666666666667
11 0.625 0.5625
12 0.7142857142857143 0.7142857142857143
13 0.5625 0.5
14 0.5 0.5625
15 0.5 0.5
16 0.16666666666666666 0.4166666666666667
17 0.25 0.75
18 0.75 0.5
19 0.5294117647058824 0.35294117647058826
20 0.29411764705882354 0.35294117647058826
21 0.5294117647058824 0.47058823529411764
22 0.3333333333333333 0.5
23 0.23076923076923078 0.23076923076923078
24 0.4117647058823529 0.5294117647058824
25 0.4117647058823529 0.5294117647058824
26 0.5909090909090909 0.6363636363636364
27 0.5294117647058824 0.5294117647058824
28 0.5294117647058824 0.47058823529411764
29 0.5384615384615384 0.23076923076923078
30 0.23529411764705882 0.5294117647058824
31 0.16666666666666666 0.5
32 1.0 0.5
33 0.6666666666666666 0.5
34 0.5294117647058824 0.47058823529411764
35 0.4117647058823529 0.35294117647058826
36 0.6153846153846154 0.46153846153846156
37 0.5294117647058824 0.5294117647058824
38 0.6190476190476191 0.3333333333333333
39 0.38461538461538464 0.38461538461538464
40 0.47058823529411764 0.5294117647058824
41 0.5454545454545454 0.5909090909090909
42 0.7333333333333333 0.7333333333333333
43 0.5909090909090909 0.5909090909090909
44 0.25 0.6666666666666666
45 0.46153846153846156 0.23076923076923078
46 0.5 0.25
47 0.47058823529411764 0.5882352941176471
48 0.3333333333333333 0.5
49 0.375 0.5625
50 0.38461538461538464 0.6923076923076923
51 0.45454545454545453 0.6363636363636364
52 0.5294117647058824 0.5294117647058824
53 0.25 1.0833333333333333
54 0.47058823529411764 0.5882352941176471
55 0.5294117647058824 0.5294117647058824
56 0.6923076923076923 0.6923076923076923
57 0.3333333333333333 0.5
58 0.5294117647058824 0.5294117647058824
59 0.5 0.55
60 0.6923076923076923 0.3076923076923077
61 0.5909090909090909 0.5909090909090909
62 0.5666666666666667 0.5333333333333333
63 0.5294117647058824 0.4117647058823529
64 0.5294117647058824 0.5294117647058824
65 0.5294117647058824 0.5294117647058824
66 0.6153846153846154 0.6153846153846154
67 0.25 0.25
68 0.25 0.5
69 0.23076923076923078 0.23076923076923078
70 0.7333333333333333 0.7333333333333333
71 0.4117647058823529 0.5882352941176471
72 0.5294117647058824 0.5294117647058824
73 0.5 0.4166666666666667
74 0.6086956521739131 0.6086956521739131
75 0.5294117647058824 0.35294117647058826
76 0.6923076923076923 0.23076923076923078
77 0.9230769230769231 0.23076923076923078
78 0.5294117647058824 0.47058823529411764
79 0.5882352941176471 0.5882352941176471
80 0.6923076923076923 0.6923076923076923
81 1.0 0.5
82 0.5294117647058824 0.47058823529411764
83 0.5 0.25
84 0.4117647058823529 0.47058823529411764
85 0.35294117647058826 0.47058823529411764
86 0.375 0.5625
87 0.5 0.5
88 0.6363636363636364 0.6363636363636364
89 0.6923076923076923 0.38461538461538464
90 0.6363636363636364 0.6363636363636364
91 0.5 0.5
92 0.6666666666666666 0.4166666666666667
93 0.5909090909090909 0.6363636363636364
94 0.3076923076923077 0.38461538461538464
95 0.36363636363636365 0.6363636363636364
96 0.5294117647058824 0.5294117647058824
97 0.16666666666666666 0.5
98 0.5294117647058824 0.5294117647058824
99 0.4117647058823529 0.4117647058823529
avg 0.5012946434426615 0.5026817293959237
