0 0.5 0.75
1 0.46153846153846156 0.6153846153846154
2 1.0 0.75
3 0.25 0.8125
4 0.09523809523809523 0.38095238095238093
5 0.6666666666666666 0.16666666666666666
6 1.0 0.5625
7 0.5 0.5833333333333334
8 0.3333333333333333 0.08333333333333333
9 0.42857142857142855 0.42857142857142855
10 0.25 0.5
11 0.3125 0.4375
12 0.2857142857142857 0.2857142857142857
13 0.3125 0.625
14 0.4375 0.625
15 0.6666666666666666 0.75
16 0.75 1.0
17 0.6666666666666666 0.6666666666666666
18 0.6666666666666666 0.75
19 0.17647058823529413 0.8235294117647058
20 0.17647058823529413 1.0
21 0.8235294117647058 0.47058823529411764
22 0.5 0.75
23 0.6923076923076923 1.0
24 0.4117647058823529 0.4117647058823529
25 0.4117647058823529 0.7647058823529411
26 0.3181818181818182 0.8636363636363636
27 0.11764705882352941 0.8235294117647058
28 0.8235294117647058 1.0
29 0.46153846153846156 0.6153846153846154
30 0.7647058823529411 0.5882352941176471
31 0.5 0.5833333333333334
32 0.75 0.75
33 0.75 1.0
34 0.6470588235294118 0.47058823529411764
35 0.8235294117647058 0.8235294117647058
36 0.6153846153846154 0.6153846153846154
37 0.4117647058823529 0.4117647058823529
38 0.8571428571428571 0.7142857142857143
39 0.7692307692307693 0.7692307692307693
40 0.29411764705882354 1.0
41 0.6363636363636364 1.3181818181818181
42 0.7333333333333333 0.9
43 0.8181818181818182 0.8636363636363636
44 0.5833333333333334 0.75
45 0.6153846153846154 0.7692307692307693
46 0.75 0.75
47 0.6470588235294118 0.47058823529411764
48 0.75 0.75
49 0.8125 0.75
50 0.7692307692307693 1.0
51 0.45454545454545453 1.0
52 0.6470588235294118 0.8235294117647058
53 0.75 0.75
54 0.5294117647058824 0.47058823529411764
55 0.11764705882352941 0.4117647058823529
56 0.7692307692307693 1.0
57 0.5 0.75
58 0.6470588235294118 0.6470588235294118
59 0.8 0.5
60 1.0 0.46153846153846156
61 0.45454545454545453 0.45454545454545453
62 0.8 0.7
63 0.23529411764705882 0.8235294117647058
64 0.29411764705882354 1.0
65 0.8235294117647058 0.5294117647058824
66 0.6153846153846154 0.7692307692307693
67 0.75 1.0
68 0.3333333333333333 0.3333333333333333
69 0.46153846153846156 0.7692307692307693
70 0.6 0.9
71 0.5294117647058824 0.8235294117647058
72 0.6470588235294118 0.6470588235294118
73 0.6666666666666666 0.6666666666666666
74 0.5652173913043478 1.0
75 0.8235294117647058 0.8235294117647058
76 0.7692307692307693 0.6153846153846154
77 0.6153846153846154 0.7692307692307693
78 0.8235294117647058 0.6470588235294118
79 0.8235294117647058 0.8235294117647058
80 0.7692307692307693 0.6153846153846154
81 0.3333333333333333 0.9166666666666666
82 0.8235294117647058 0.8235294117647058
83 1.8333333333333333 0.5833333333333334
84 0.23529411764705882 1.0
85 0.8235294117647058 0.8235294117647058
86 0.5625 0.8125
87 0.3333333333333333 0.5
88 0.8636363636363636 0.6363636363636364
89 0.6923076923076923 0.7692307692307693
90 0.7272727272727273 0.8636363636363636
91 0.4166666666666667 0.75
92 0.75 1.0
93 0.8636363636363636 1.0
94 0.38461538461538464 1.0
95 0.45454545454545453 0.8636363636363636
96 0.8235294117647058 0.47058823529411764
97 0.5 0.75
98 0.5294117647058824 1.0
99 0.47058823529411764 0.47058823529411764
avg 0.5983163553198718 0.7190298671916314
