0 0.0 0.75
1 0.3076923076923077 0.6153846153846154
2 0.08333333333333333 0.16666666666666666
3 0.4375 0.4375
4 0.0 0.23809523809523808
5 0.0 2.0833333333333335
6 0.1875 0.8125
7 0.5 0.75
8 0.08333333333333333 0.75
9 0.42857142857142855 0.47619047619047616
10 0.4166666666666667 0.4166666666666667
11 0.5625 0.8125
12 1.0 1.0
13 0.375 0.75
14 0.125 0.8125
15 0.6666666666666666 0.6666666666666666
16 0.4166666666666667 0.75
17 0.75 0.5
18 0.0 1.0
19 0.29411764705882354 0.7647058823529411
20 0.058823529411764705 0.29411764705882354
21 0.6470588235294118 0.8235294117647058
22 0.16666666666666666 0.75
23 0.5384615384615384 0.7692307692307693
24 0.29411764705882354 0.0
25 0.5882352941176471 0.4117647058823529
26 0.3181818181818182 0.8636363636363636
27 0.11764705882352941 0.29411764705882354
28 0.5294117647058824 0.8235294117647058
29 0.5384615384615384 0.7692307692307693
30 0.35294117647058826 1.2352941176470589
31 0.3333333333333333 0.75
32 0.3333333333333333 0.4166666666666667
33 0.3333333333333333 0.5
34 0.7647058823529411 0.6470588235294118
35 0.35294117647058826 0.7647058823529411
36 0.5384615384615384 0.7692307692307693
37 0.35294117647058826 0.7647058823529411
38 0.38095238095238093 0.7142857142857143
39 0.7692307692307693 0.46153846153846156
40 0.17647058823529413 0.23529411764705882
41 0.45454545454545453 0.8636363636363636
42 0.0 1.0
43 0.8636363636363636 0.6363636363636364
44 0.08333333333333333 0.4166666666666667
45 0.38461538461538464 1.0
46 0.6666666666666666 0.75
47 0.11764705882352941 0.11764705882352941
48 0.08333333333333333 0.75
49 0.125 1.0
50 0.0 0.46153846153846156
51 0.09090909090909091 0.8636363636363636
52 0.8235294117647058 0.8235294117647058
53 0.75 2.4166666666666665
54 0.7647058823529411 0.8235294117647058
55 0.23529411764705882 1.2941176470588236
56 0.5384615384615384 0.7692307692307693
57 0.08333333333333333 0.5833333333333334
58 0.11764705882352941 0.29411764705882354
59 0.55 0.85
60 0.38461538461538464 1.0
61 0.8636363636363636 0.8636363636363636
62 0.9 0.8
63 0.5882352941176471 0.6470588235294118
64 0.5294117647058824 0.6470588235294118
65 0.5294117647058824 0.8235294117647058
66 0.46153846153846156 1.0
67 0.5 0.75
68 0.3333333333333333 0.4166666666666667
69 0.38461538461538464 1.0
70 0.26666666666666666 0.26666666666666666
71 0.11764705882352941 1.0
72 0.5294117647058824 0.5882352941176471
73 0.08333333333333333 0.75
74 0.7391304347826086 0.8695652173913043
75 0.47058823529411764 0.8235294117647058
76 0.5384615384615384 0.7692307692307693
77 0.5384615384615384 0.5384615384615384
78 0.11764705882352941 0.8235294117647058
79 0.7647058823529411 0.8235294117647058
80 0.38461538461538464 0.5384615384615384
81 0.08333333333333333 0.6666666666666666
82 0.17647058823529413 0.29411764705882354
83 0.4166666666666667 0.75
84 0.7647058823529411 1.0
85 0.5294117647058824 0.8235294117647058
86 0.1875 0.75
87 0.3333333333333333 0.5
88 0.4090909090909091 0.8636363636363636
89 0.3076923076923077 0.46153846153846156
90 0.3181818181818182 0.4090909090909091
91 2.0833333333333335 0.5833333333333334
92 0.08333333333333333 0.4166666666666667
93 0.22727272727272727 0.8636363636363636
94 0.46153846153846156 0.6153846153846154
95 0.22727272727272727 1.0
96 0.29411764705882354 0.29411764705882354
97 0.08333333333333333 0.5
98 0.5882352941176471 0.23529411764705882
99 0.7647058823529411 0.6470588235294118
avg 0.4021791243709403 0.7073789051954011
