0 0.0 0.6666666666666666
1 0.46153846153846156 0.15384615384615385
2 0.16666666666666666 0.9166666666666666
3 0.1875 0.5625
4 0.2 0.3
5 0.5 0.16666666666666666
6 0.4375 0.5625
7 0.4166666666666667 1.6666666666666667
8 0.08333333333333333 0.4166666666666667
9 0.42857142857142855 0.3333333333333333
10 0.08333333333333333 0.08333333333333333
11 0.5 0.25
12 0.5714285714285714 0.25
13 0.4375 0.5
14 0.375 0.4375
15 0.5833333333333334 0.5833333333333334
16 0.5833333333333334 0.08333333333333333
17 0.16666666666666666 0.5833333333333334
18 0.16666666666666666 0.5833333333333334
19 0.17647058823529413 1.0588235294117647
20 0.058823529411764705 1.0588235294117647
21 0.0 0.23529411764705882
22 0.5833333333333334 1.25
23 0.07692307692307693 0.07692307692307693
24 0.0 0.23529411764705882
25 0.0 0.11764705882352941
26 0.5 0.45454545454545453
27 0.11764705882352941 0.11764705882352941
28 0.5294117647058824 0.5294117647058824
29 0.6923076923076923 0.46153846153846156
30 0.23529411764705882 0.4117647058823529
31 0.3333333333333333 0.6666666666666666
32 0.3333333333333333 0.6666666666666666
33 1.1666666666666667 0.75
34 0.5294117647058824 0.47058823529411764
35 0.47058823529411764 0.29411764705882354
36 0.38461538461538464 0.6153846153846154
37 0.5294117647058824 0.35294117647058826
38 0.5714285714285714 0.5714285714285714
39 0.6153846153846154 0.6153846153846154
40 0.4117647058823529 0.6470588235294118
41 0.6363636363636364 0.5
42 0.5 0.6333333333333333
43 0.6363636363636364 0.45454545454545453
44 0.5 0.75
45 0.46153846153846156 0.46153846153846156
46 0.75 0.75
47 0.5294117647058824 0.47058823529411764
48 0.5 0.8333333333333334
49 0.6875 0.5625
50 0.6923076923076923 1.0
51 0.45454545454545453 0.5
52 0.29411764705882354 0.5294117647058824
53 0.5833333333333334 0.8333333333333334
54 0.5294117647058824 0.5294117647058824
55 0.058823529411764705 0.4117647058823529
56 0.6153846153846154 0.15384615384615385
57 0.5 0.3333333333333333
58 0.29411764705882354 0.47058823529411764
59 0.4 0.5
60 0.6923076923076923 1.0769230769230769
61 0.45454545454545453 0.7272727272727273
62 0.7 0.6
63 0.29411764705882354 0.9411764705882353
64 0.29411764705882354 1.0588235294117647
65 0.4117647058823529 0.4117647058823529
66 0.6153846153846154 1.0769230769230769
67 0.5 0.5
68 0.75 0.75
69 0.6923076923076923 0.6923076923076923
70 0.5666666666666667 0.6
71 0.5294117647058824 0.5294117647058824
72 0.47058823529411764 0.47058823529411764
73 0.4166666666666667 0.6666666666666666
74 0.43478260869565216 0.5652173913043478
75 1.0588235294117647 1.0588235294117647
76 0.6923076923076923 0.6923076923076923
77 0.6923076923076923 0.6923076923076923
78 0.4117647058823529 1.0588235294117647
79 1.0588235294117647 0.5294117647058824
80 0.46153846153846156 0.46153846153846156
81 0.3333333333333333 1.75
82 0.5294117647058824 0.5294117647058824
83 1.8333333333333333 0.75
84 0.29411764705882354 0.5882352941176471
85 0.5294117647058824 0.4117647058823529
86 0.4375 0.4375
87 1.3333333333333333 1.3333333333333333
88 0.45454545454545453 0.45454545454545453
89 0.38461538461538464 0.38461538461538464
90 0.6363636363636364 0.4090909090909091
91 0.75 0.75
92 1.0 1.0
93 0.7272727272727273 0.5909090909090909
94 0.38461538461538464 0.8461538461538461
95 0.45454545454545453 0.5
96 0.47058823529411764 0.47058823529411764
97 0.6666666666666666 0.3333333333333333
98 0.4117647058823529 0.4117647058823529
99 0.29411764705882354 0.29411764705882354
avg 0.4841217066181901 0.58840809201455
