0 0.08333333333333333 1.75
1 0.6923076923076923 1.0
2 1.0 1.0
3 0.8125 1.0
4 0.38095238095238093 1.0
5 0.08333333333333333 1.0
6 0.8125 1.0
7 1.0 0.75
8 0.16666666666666666 0.5833333333333334
9 0.42857142857142855 1.0
10 1.0 0.75
11 0.3125 1.0
12 0.8928571428571429 0.2857142857142857
13 0.625 1.0
14 0.8125 1.0
15 1.0 2.0833333333333335
16 0.4166666666666667 0.6666666666666666
17 1.0 1.75
18 1.0 1.0
19 0.29411764705882354 1.0
20 0.17647058823529413 1.0
21 0.4117647058823529 0.8235294117647058
22 0.16666666666666666 0.75
23 0.7692307692307693 1.0
24 0.7647058823529411 1.0
25 0.7647058823529411 1.0
26 0.36363636363636365 0.5909090909090909
27 0.29411764705882354 0.8235294117647058
28 0.8235294117647058 0.5294117647058824
29 0.5384615384615384 0.5384615384615384
30 0.4117647058823529 0.5294117647058824
31 0.6666666666666666 0.75
32 0.6666666666666666 1.0
33 0.6666666666666666 1.0
34 0.8235294117647058 0.8235294117647058
35 0.4117647058823529 0.5294117647058824
36 0.3076923076923077 0.5384615384615384
37 0.5294117647058824 0.5294117647058824
38 0.7142857142857143 1.0
39 0.6923076923076923 0.7692307692307693
40 0.8235294117647058 0.8235294117647058
41 0.36363636363636365 0.45454545454545453
42 1.0 1.0
43 0.6363636363636364 0.5909090909090909
44 0.4166666666666667 1.0
45 0.5384615384615384 0.7692307692307693
46 1.0 1.0
47 0.8235294117647058 1.0
48 0.6666666666666666 1.0
49 0.375 1.0
50 0.7692307692307693 1.0
51 0.5909090909090909 1.0
52 1.0 1.0
53 0.6666666666666666 1.0
54 0.7647058823529411 1.0
55 1.0 1.0
56 0.5384615384615384 1.0
57 0.08333333333333333 0.75
58 0.11764705882352941 1.0
59 0.8 0.85
60 0.5384615384615384 0.7692307692307693
61 0.6363636363636364 1.0
62 0.9 1.0
63 1.0 1.0
64 1.0 1.0588235294117647
65 1.0 0.5294117647058824
66 0.3076923076923077 0.5384615384615384
67 0.3333333333333333 0.6666666666666666
68 0.4166666666666667 0.75
69 0.7692307692307693 1.0
70 1.0 1.0
71 0.8235294117647058 1.0
72 1.0 1.0
73 0.75 1.0
74 0.7391304347826086 1.0
75 0.8235294117647058 1.0
76 0.5384615384615384 1.0
77 0.5384615384615384 1.0
78 0.5294117647058824 1.0
79 0.8235294117647058 1.0
80 0.7692307692307693 1.0
81 0.75 1.0
82 0.8235294117647058 0.8235294117647058
83 1.0 1.0
84 0.5882352941176471 0.6470588235294118
85 0.7647058823529411 1.0
86 0.8125 1.0
87 0.75 1.0
88 1.0 1.0
89 0.5384615384615384 1.0
90 0.8636363636363636 0.45454545454545453
91 0.75 0.75
92 0.5 1.0
93 0.6363636363636364 1.0
94 0.5384615384615384 0.7692307692307693
95 0.6363636363636364 1.0
96 0.17647058823529413 0.29411764705882354
97 0.4166666666666667 1.0
98 1.0 0.8235294117647058
99 0.5882352941176471 1.0
avg 0.6512332246823934 0.9025716636304874
