0 0.0 0.5833333333333334
1 0.15384615384615385 0.6153846153846154
2 0.08333333333333333 0.16666666666666666
3 0.1875 0.25
4 0.25 0.5
5 0.0 0.16666666666666666
6 0.375 0.5
7 1.0833333333333333 0.5
8 0.08333333333333333 0.08333333333333333
9 0.2857142857142857 0.2857142857142857
10 0.08333333333333333 0.25
11 0.3125 0.4375
12 0.6428571428571429 0.6428571428571429
13 0.4375 0.375
14 0.3125 0.375
15 0.4166666666666667 0.75
16 0.08333333333333333 0.0
17 1.6666666666666667 1.0833333333333333
18 0.5 1.75
19 0.17647058823529413 0.17647058823529413
20 0.23529411764705882 1.0588235294117647
21 0.0 0.47058823529411764
22 0.0 0.16666666666666666
23 0.38461538461538464 1.6923076923076923
24 0.0 0.35294117647058826
25 1.0588235294117647 0.6470588235294118
26 0.0 0.22727272727272727
27 0.0 0.47058823529411764
28 0.17647058823529413 0.29411764705882354
29 0.38461538461538464 0.0
30 0.23529411764705882 0.11764705882352941
31 0.6666666666666666 0.8333333333333334
32 0.16666666666666666 0.6666666666666666
33 0.6666666666666666 0.75
34 0.0 0.35294117647058826
35 0.35294117647058826 0.4117647058823529
36 0.0 0.3076923076923077
37 0.11764705882352941 0.5882352941176471
38 0.19047619047619047 0.2857142857142857
39 0.3076923076923077 0.3076923076923077
40 0.4117647058823529 0.11764705882352941
41 0.0 0.0
42 0.6 0.6
43 0.0 0.13636363636363635
44 0.5833333333333334 0.08333333333333333
45 0.9230769230769231 0.6153846153846154
46 0.6666666666666666 1.3333333333333333
47 0.5294117647058824 0.47058823529411764
48 0.0 0.5833333333333334
49 0.4375 0.4375
50 0.15384615384615385 0.6153846153846154
51 0.09090909090909091 0.5
52 0.17647058823529413 0.23529411764705882
53 1.75 0.5
54 0.5882352941176471 0.7647058823529411
55 0.4117647058823529 0.29411764705882354
56 0.15384615384615385 1.0
57 0.0 0.5833333333333334
58 0.11764705882352941 1.0
59 0.1 0.35
60 0.6153846153846154 0.15384615384615385
61 0.45454545454545453 0.09090909090909091
62 0.2 0.5
63 0.058823529411764705 0.17647058823529413
64 0.35294117647058826 0.29411764705882354
65 0.35294117647058826 0.17647058823529413
66 0.46153846153846156 0.3076923076923077
67 1.0 0.6666666666666666
68 0.5833333333333334 0.5833333333333334
69 0.23076923076923078 0.15384615384615385
70 0.1 0.6333333333333333
71 0.47058823529411764 0.5294117647058824
72 0.35294117647058826 0.35294117647058826
73 0.0 1.3333333333333333
74 0.43478260869565216 0.5217391304347826
75 0.17647058823529413 0.35294117647058826
76 0.6153846153846154 0.15384615384615385
77 0.5384615384615384 0.15384615384615385
78 0.0 0.7058823529411765
79 0.47058823529411764 0.47058823529411764
80 0.3076923076923077 0.15384615384615385
81 0.25 0.16666666666666666
82 0.17647058823529413 0.47058823529411764
83 0.5833333333333334 0.75
84 0.058823529411764705 0.47058823529411764
85 0.7058823529411765 0.35294117647058826
86 0.4375 1.125
87 0.6666666666666666 0.75
88 0.0 0.3181818181818182
89 0.6153846153846154 0.6153846153846154
90 0.13636363636363635 0.36363636363636365
91 0.5 0.5833333333333334
92 1.0 1.0
93 0.5909090909090909 0.3181818181818182
94 0.07692307692307693 0.38461538461538464
95 0.0 0.22727272727272727
96 0.17647058823529413 0.47058823529411764
97 0.0 1.0
98 0.35294117647058826 0.35294117647058826
99 0.47058823529411764 0.23529411764705882
avg 0.34347673639233733 0.4813390637495495
