0 0.5833333333333334 0.5
1 1.0 0.6923076923076923
2 1.0 1.0
3 0.5 1.1875
4 0.5 0.45
5 1.6666666666666667 0.5
6 0.5625 0.5625
7 0.75 0.5
8 0.5833333333333334 0.6666666666666666
9 0.6190476190476191 0.6190476190476191
10 0.5 0.4166666666666667
11 1.125 0.5625
12 0.5714285714285714 0.7142857142857143
13 0.625 0.375
14 1.125 0.5625
15 0.5 0.5
16 1.1666666666666667 0.4166666666666667
17 0.6666666666666666 0.6666666666666666
18 1.0 0.5
19 1.0588235294117647 0.47058823529411764
20 1.1764705882352942 0.5294117647058824
21 0.35294117647058826 0.47058823529411764
22 0.5833333333333334 0.5
23 0.15384615384615385 0.15384615384615385
24 0.4117647058823529 0.29411764705882354
25 0.23529411764705882 0.5882352941176471
26 0.45454545454545453 0.7272727272727273
27 1.0588235294117647 0.5294117647058824
28 0.4117647058823529 0.5294117647058824
29 0.6923076923076923 1.0769230769230769
30 0.23529411764705882 0.4117647058823529
31 0.6666666666666666 1.1666666666666667
32 1.1666666666666667 1.0
33 0.6666666666666666 0.5
34 0.5882352941176471 0.5882352941176471
35 0.9411764705882353 0.4117647058823529
36 0.6153846153846154 0.6923076923076923
37 0.29411764705882354 0.5294117647058824
38 0.6190476190476191 0.38095238095238093
39 0.38461538461538464 0.38461538461538464
40 0.5882352941176471 0.5294117647058824
41 0.6363636363636364 0.6363636363636364
42 0.6333333333333333 0.6666666666666666
43 0.6363636363636364 0.6363636363636364
44 0.75 1.0
45 0.15384615384615385 0.15384615384615385
46 0.5 0.5
47 0.47058823529411764 0.5882352941176471
48 0.5833333333333334 1.75
49 0.375 0.5625
50 0.6153846153846154 0.6153846153846154
51 0.5 0.6363636363636364
52 0.5294117647058824 0.5294117647058824
53 0.5833333333333334 1.0833333333333333
54 0.5294117647058824 0.6470588235294118
55 0.47058823529411764 0.4117647058823529
56 1.0 1.6153846153846154
57 0.5833333333333334 0.5
58 0.9411764705882353 0.5294117647058824
59 0.5 0.65
60 0.7692307692307693 0.8461538461538461
61 0.6363636363636364 0.6363636363636364
62 0.26666666666666666 0.5
63 0.5294117647058824 0.5294117647058824
64 0.47058823529411764 0.5294117647058824
65 0.5294117647058824 0.5294117647058824
66 0.6153846153846154 0.6153846153846154
67 1.0833333333333333 0.8333333333333334
68 1.5833333333333333 0.9166666666666666
69 0.6923076923076923 0.15384615384615385
70 0.5 0.7333333333333333
71 0.5294117647058824 0.5294117647058824
72 0.47058823529411764 1.0588235294117647
73 0.75 0.5
74 0.5652173913043478 0.5652173913043478
75 0.9411764705882353 0.5294117647058824
76 0.46153846153846156 0.15384615384615385
77 0.9230769230769231 1.0769230769230769
78 0.11764705882352941 0.29411764705882354
79 0.5882352941176471 0.6470588235294118
80 0.6153846153846154 0.38461538461538464
81 1.1666666666666667 1.0
82 0.8823529411764706 0.29411764705882354
83 0.5 1.75
84 0.23529411764705882 0.5294117647058824
85 0.47058823529411764 0.47058823529411764
86 0.6875 0.625
87 0.75 0.5
88 0.5 0.6363636363636364
89 0.6923076923076923 0.38461538461538464
90 0.6363636363636364 0.6363636363636364
91 0.5 0.6666666666666666
92 0.75 0.5
93 0.6363636363636364 0.6363636363636364
94 0.5384615384615384 1.1538461538461537
95 0.6363636363636364 0.6363636363636364
96 0.5882352941176471 1.0588235294117647
97 1.1666666666666667 0.5
98 0.5294117647058824 0.29411764705882354
99 0.23529411764705882 0.5294117647058824
avg 0.6513231010251468 0.6293412911683375
