0 0.08333333333333333 0.16666666666666666
1 0.0 0.46153846153846156
2 0.5833333333333334 0.5
3 0.25 0.375
4 0.2 0.6
5 0.5833333333333334 0.08333333333333333
6 0.5 0.5
7 0.4166666666666667 0.6666666666666666
8 0.25 0.08333333333333333
9 0.3333333333333333 0.42857142857142855
10 0.0 0.0
11 0.5 0.375
12 0.25 0.25
13 0.3125 0.375
14 0.5 0.3125
15 0.5833333333333334 0.6666666666666666
16 0.25 0.08333333333333333
17 0.16666666666666666 0.16666666666666666
18 0.5 0.5
19 0.17647058823529413 0.17647058823529413
20 0.058823529411764705 0.17647058823529413
21 0.0 0.23529411764705882
22 0.5 0.75
23 0.0 0.07692307692307693
24 0.0 0.35294117647058826
25 0.11764705882352941 0.35294117647058826
26 0.09090909090909091 0.45454545454545453
27 0.11764705882352941 0.23529411764705882
28 0.4117647058823529 0.35294117647058826
29 0.6923076923076923 0.6923076923076923
30 0.47058823529411764 0.29411764705882354
31 0.3333333333333333 0.75
32 0.8333333333333334 0.25
33 1.1666666666666667 1.75
34 0.5294117647058824 0.5294117647058824
35 0.47058823529411764 0.29411764705882354
36 0.6153846153846154 0.6153846153846154
37 0.29411764705882354 0.5294117647058824
38 0.5714285714285714 0.5714285714285714
39 0.7692307692307693 0.7692307692307693
40 0.47058823529411764 0.47058823529411764
41 0.6363636363636364 0.6363636363636364
42 0.5 0.7333333333333333
43 0.5909090909090909 0.6363636363636364
44 0.16666666666666666 0.9166666666666666
45 0.46153846153846156 0.46153846153846156
46 0.75 0.9166666666666666
47 0.47058823529411764 0.47058823529411764
48 0.6666666666666666 1.0
49 0.5625 0.5625
50 0.5384615384615384 0.6153846153846154
51 0.45454545454545453 0.45454545454545453
52 0.47058823529411764 0.5294117647058824
53 1.0833333333333333 0.75
54 0.5294117647058824 0.5294117647058824
55 0.058823529411764705 0.4117647058823529
56 1.0 0.3076923076923077
57 0.08333333333333333 0.3333333333333333
58 0.47058823529411764 0.29411764705882354
59 0.45 0.5
60 1.0769230769230769 1.0769230769230769
61 0.45454545454545453 0.45454545454545453
62 0.7 0.7
63 0.29411764705882354 0.29411764705882354
64 0.29411764705882354 0.29411764705882354
65 0.4117647058823529 0.4117647058823529
66 0.6153846153846154 0.6153846153846154
67 0.5 0.5
68 0.75 0.3333333333333333
69 0.6923076923076923 0.46153846153846156
70 0.4666666666666667 0.6
71 0.5294117647058824 0.47058823529411764
72 0.47058823529411764 0.29411764705882354
73 0.4166666666666667 1.25
74 0.5652173913043478 0.30434782608695654
75 0.17647058823529413 1.0588235294117647
76 0.6923076923076923 0.6923076923076923
77 0.6923076923076923 0.6923076923076923
78 0.4117647058823529 0.4117647058823529
79 0.4117647058823529 0.5294117647058824
80 0.46153846153846156 0.46153846153846156
81 0.3333333333333333 0.6666666666666666
82 0.5294117647058824 0.5294117647058824
83 1.8333333333333333 0.75
84 0.5294117647058824 0.47058823529411764
85 0.4117647058823529 0.4117647058823529
86 0.4375 0.4375
87 1.3333333333333333 1.3333333333333333
88 0.45454545454545453 0.45454545454545453
89 0.6153846153846154 0.38461538461538464
90 0.6363636363636364 0.5
91 0.75 0.6666666666666666
92 0.75 0.75
93 0.5 0.5909090909090909
94 0.38461538461538464 0.38461538461538464
95 0.45454545454545453 0.45454545454545453
96 0.29411764705882354 0.47058823529411764
97 0.75 0.3333333333333333
98 0.4117647058823529 0.7058823529411765
99 0.47058823529411764 0.7058823529411765
avg 0.4786093809217212 0.512415598787402
