0 0.3333333333333333 0.5
1 0.3076923076923077 0.38461538461538464
2 0.3333333333333333 0.3333333333333333
3 0.5625 0.5625
4 0.55 0.5
5 0.3333333333333333 0.5
6 0.5 0.5
7 0.6666666666666666 0.5
8 0.25 0.5
9 0.5714285714285714 0.6190476190476191
10 0.25 0.5833333333333334
11 0.5625 0.5625
12 0.6785714285714286 0.7142857142857143
13 0.5625 0.5625
14 0.5625 0.5625
15 0.5 0.5
16 0.16666666666666666 0.16666666666666666
17 0.75 0.75
18 0.3333333333333333 0.75
19 0.5294117647058824 0.5294117647058824
20 0.29411764705882354 0.47058823529411764
21 0.4117647058823529 0.5294117647058824
22 0.3333333333333333 0.5
23 0.23076923076923078 0.6153846153846154
24 0.4117647058823529 0.5294117647058824
25 0.4117647058823529 0.4117647058823529
26 0.5 0.45454545454545453
27 0.5294117647058824 0.5294117647058824
28 0.47058823529411764 0.35294117647058826
29 0.23076923076923078 0.38461538461538464
30 0.4117647058823529 0.35294117647058826
31 0.3333333333333333 1.0
32 0.25 0.4166666666666667
33 0.3333333333333333 0.25
34 0.5294117647058824 0.47058823529411764
35 0.4117647058823529 0.5294117647058824
36 0.6923076923076923 0.46153846153846156
37 0.4117647058823529 0.5294117647058824
38 0.6190476190476191 0.5714285714285714
39 0.38461538461538464 0.6153846153846154
40 0.5882352941176471 0.5882352941176471
41 0.5454545454545454 0.4090909090909091
42 0.7333333333333333 0.7333333333333333
43 0.5 0.5909090909090909
44 0.16666666666666666 0.25
45 0.23076923076923078 0.23076923076923078
46 0.5 0.5
47 0.5882352941176471 0.5882352941176471
48 0.3333333333333333 0.5
49 0.5625 0.375
50 0.38461538461538464 0.38461538461538464
51 0.5909090909090909 0.6363636363636364
52 0.5294117647058824 0.5294117647058824
53 0.75 0.5
54 0.5882352941176471 0.5882352941176471
55 0.5294117647058824 0.35294117647058826
56 0.6923076923076923 0.46153846153846156
57 0.3333333333333333 0.5
58 0.5294117647058824 0.5294117647058824
59 0.5 0.5
60 0.6153846153846154 0.6153846153846154
61 0.45454545454545453 0.6363636363636364
62 0.7 0.5333333333333333
63 0.29411764705882354 0.5294117647058824
64 0.5294117647058824 0.4117647058823529
65 0.5294117647058824 0.35294117647058826
66 0.6923076923076923 0.6923076923076923
67 0.75 0.5
68 0.25 0.25
69 0.23076923076923078 0.23076923076923078
70 0.7333333333333333 0.7333333333333333
71 0.5882352941176471 0.5882352941176471
72 0.5294117647058824 0.5294117647058824
73 0.08333333333333333 0.25
74 0.6086956521739131 0.5652173913043478
75 0.5294117647058824 0.35294117647058826
76 0.23076923076923078 0.3076923076923077
77 0.15384615384615385 0.15384615384615385
78 0.29411764705882354 0.47058823529411764
79 0.47058823529411764 0.5294117647058824
80 0.46153846153846156 0.38461538461538464
81 0.6666666666666666 1.0
82 0.5294117647058824 0.5294117647058824
83 0.9166666666666666 0.5
84 0.35294117647058826 0.47058823529411764
85 0.47058823529411764 0.47058823529411764
86 0.5625 0.5625
87 0.25 0.6666666666666666
88 0.36363636363636365 0.5
89 0.46153846153846156 0.6923076923076923
90 0.5 0.6363636363636364
91 0.5 0.5
92 0.08333333333333333 0.25
93 0.5909090909090909 0.5909090909090909
94 0.23076923076923078 0.6153846153846154
95 0.5909090909090909 0.6363636363636364
96 0.5294117647058824 0.35294117647058826
97 0.16666666666666666 0.16666666666666666
98 0.4117647058823529 0.5294117647058824
99 0.4117647058823529 0.5294117647058824
avg 0.4600026829521717 0.5012131448048969
