0 0.0 0.9166666666666666
1 0.0 0.0
2 0.4166666666666667 0.5833333333333334
3 0.25 0.4375
4 0.1 0.25
5 0.0 0.08333333333333333
6 0.375 0.5
7 0.5 0.75
8 0.0 0.08333333333333333
9 0.047619047619047616 0.09523809523809523
10 0.0 0.08333333333333333
11 0.0625 0.125
12 0.25 0.25
13 0.375 0.5
14 0.4375 0.5
15 0.5 0.5833333333333334
16 0.0 0.0
17 0.08333333333333333 0.5833333333333334
18 0.4166666666666667 0.5
19 0.17647058823529413 0.35294117647058826
20 0.058823529411764705 0.4117647058823529
21 0.0 0.35294117647058826
22 0.0 0.5
23 0.0 0.38461538461538464
24 0.0 0.0
25 0.11764705882352941 0.11764705882352941
26 0.0 0.0
27 0.11764705882352941 0.0
28 0.11764705882352941 0.23529411764705882
29 0.0 0.23076923076923078
30 0.0 0.0
31 0.0 0.16666666666666666
32 0.0 0.08333333333333333
33 0.0 0.0
34 0.11764705882352941 0.35294117647058826
35 0.0 0.0
36 0.0 0.3076923076923077
37 0.0 0.11764705882352941
38 0.0 0.2857142857142857
39 0.23076923076923078 0.07692307692307693
40 0.0 0.11764705882352941
41 0.13636363636363635 0.45454545454545453
42 0.0 0.0
43 0.0 0.09090909090909091
44 0.0 0.08333333333333333
45 0.0 0.3076923076923077
46 0.0 0.5833333333333334
47 0.0 0.23529411764705882
48 0.08333333333333333 0.5833333333333334
49 0.0 0.0625
50 0.0 0.0
51 0.09090909090909091 0.5
52 0.17647058823529413 0.29411764705882354
53 0.08333333333333333 0.08333333333333333
54 0.0 0.17647058823529413
55 0.35294117647058826 0.11764705882352941
56 0.38461538461538464 0.0
57 0.0 0.08333333333333333
58 0.11764705882352941 0.11764705882352941
59 0.0 0.1
60 0.0 0.3076923076923077
61 0.0 0.18181818181818182
62 0.5666666666666667 0.3
63 0.11764705882352941 0.0
64 0.11764705882352941 0.11764705882352941
65 0.17647058823529413 0.29411764705882354
66 0.0 0.0
67 0.0 0.6666666666666666
68 0.08333333333333333 0.4166666666666667
69 0.0 0.0
70 0.0 0.16666666666666666
71 0.0 0.17647058823529413
72 0.0 0.23529411764705882
73 0.0 0.08333333333333333
74 0.043478260869565216 0.5652173913043478
75 0.058823529411764705 0.4117647058823529
76 0.15384615384615385 0.15384615384615385
77 0.0 0.6923076923076923
78 0.0 0.0
79 0.0 0.5294117647058824
80 0.15384615384615385 0.3076923076923077
81 0.0 0.08333333333333333
82 0.0 0.0
83 0.0 0.75
84 0.0 0.47058823529411764
85 0.0 0.23529411764705882
86 0.0625 0.0625
87 0.0 0.0
88 0.13636363636363635 0.13636363636363635
89 0.0 0.0
90 0.0 0.45454545454545453
91 0.0 0.08333333333333333
92 0.0 0.08333333333333333
93 0.36363636363636365 0.0
94 0.07692307692307693 0.0
95 0.0 0.09090909090909091
96 0.058823529411764705 0.058823529411764705
97 0.0 0.0
98 0.0 0.11764705882352941
99 0.11764705882352941 0.23529411764705882
avg 0.08464203369094671 0.23261011058421538
