0 1.0833333333333333 0.5
1 1.0 1.6153846153846154
2 1.0 1.25
3 1.1875 0.6875
4 0.6 0.6
5 0.5833333333333334 0.5833333333333334
6 0.4375 0.8125
7 0.5 0.6666666666666666
8 0.5 0.5
9 0.3333333333333333 0.6190476190476191
10 0.8333333333333334 1.0
11 0.5625 0.5625
12 0.5714285714285714 0.6785714285714286
13 0.4375 0.5
14 0.5625 0.625
15 1.75 0.4166666666666667
16 0.5 1.0
17 0.5833333333333334 1.75
18 1.0 0.6666666666666666
19 1.0588235294117647 0.5294117647058824
20 1.0588235294117647 0.5294117647058824
21 0.23529411764705882 0.47058823529411764
22 0.5 1.0833333333333333
23 0.15384615384615385 0.15384615384615385
24 0.4117647058823529 1.0588235294117647
25 0.23529411764705882 0.29411764705882354
26 0.3181818181818182 0.6363636363636364
27 1.0588235294117647 1.0588235294117647
28 0.5882352941176471 1.0588235294117647
29 0.6923076923076923 0.6153846153846154
30 0.23529411764705882 0.23529411764705882
31 1.0 0.75
32 0.4166666666666667 0.75
33 1.1666666666666667 0.5
34 0.5294117647058824 1.1176470588235294
35 0.5294117647058824 0.23529411764705882
36 0.6153846153846154 0.6153846153846154
37 1.0588235294117647 1.0588235294117647
38 0.6190476190476191 0.42857142857142855
39 1.3846153846153846 0.7692307692307693
40 0.5882352941176471 0.4117647058823529
41 0.22727272727272727 0.45454545454545453
42 0.5333333333333333 0.5666666666666667
43 0.7272727272727273 0.45454545454545453
44 0.5 0.5
45 1.6923076923076923 0.8461538461538461
46 0.75 0.5
47 0.5294117647058824 0.5294117647058824
48 0.5 0.5833333333333334
49 0.6875 1.125
50 0.38461538461538464 0.8461538461538461
51 0.45454545454545453 0.45454545454545453
52 0.29411764705882354 0.29411764705882354
53 0.4166666666666667 0.5
54 0.5294117647058824 1.1176470588235294
55 0.5294117647058824 1.0588235294117647
56 0.3076923076923077 0.38461538461538464
57 0.5 1.75
58 0.5882352941176471 1.0588235294117647
59 0.45 0.4
60 0.6153846153846154 1.0769230769230769
61 0.6363636363636364 0.45454545454545453
62 0.6 0.6
63 1.0588235294117647 0.5294117647058824
64 1.0588235294117647 0.5294117647058824
65 0.4117647058823529 0.5294117647058824
66 0.38461538461538464 1.0
67 0.5 0.4166666666666667
68 0.75 1.6666666666666667
69 0.6923076923076923 0.6923076923076923
70 0.5 0.7333333333333333
71 1.0588235294117647 1.0588235294117647
72 0.5294117647058824 0.5294117647058824
73 0.4166666666666667 0.4166666666666667
74 0.6956521739130435 0.5652173913043478
75 1.0588235294117647 1.0588235294117647
76 0.7692307692307693 0.6153846153846154
77 0.9230769230769231 1.0769230769230769
78 0.35294117647058826 0.9411764705882353
79 0.47058823529411764 1.1176470588235294
80 0.6153846153846154 1.6153846153846154
81 1.75 1.75
82 0.4117647058823529 0.5294117647058824
83 0.5 0.5
84 1.0588235294117647 0.4117647058823529
85 0.4117647058823529 0.47058823529411764
86 0.5625 1.125
87 0.5 0.5
88 0.6818181818181818 0.7272727272727273
89 0.38461538461538464 0.38461538461538464
90 0.6363636363636364 0.6363636363636364
91 1.0 1.0
92 0.5 1.0
93 0.5909090909090909 0.45454545454545453
94 0.9230769230769231 1.6153846153846154
95 0.45454545454545453 0.45454545454545453
96 0.47058823529411764 0.47058823529411764
97 0.75 1.75
98 0.5294117647058824 0.5294117647058824
99 0.8235294117647058 1.0588235294117647
avg 0.6612073517914314 0.7541161045902097
