0 0.5 0.5
1 0.3076923076923077 0.38461538461538464
2 0.75 0.3333333333333333
3 0.5625 0.4375
4 0.55 0.5
5 0.3333333333333333 0.3333333333333333
6 0.4375 0.625
7 0.3333333333333333 0.6666666666666666
8 0.25 0.5
9 0.5714285714285714 0.6190476190476191
10 0.5833333333333334 0.25
11 0.5625 0.5625
12 0.7142857142857143 0.6785714285714286
13 0.5625 0.5625
14 0.5625 0.5625
15 0.5 0.5
16 0.16666666666666666 0.25
17 0.25 0.75
18 0.4166666666666667 0.3333333333333333
19 0.35294117647058826 0.35294117647058826
20 0.5294117647058824 0.35294117647058826
21 0.47058823529411764 0.47058823529411764
22 0.5 0.5
23 0.46153846153846156 0.23076923076923078
24 0.4117647058823529 0.4117647058823529
25 0.4117647058823529 0.4117647058823529
26 0.5 0.6363636363636364
27 0.5294117647058824 0.5294117647058824
28 0.35294117647058826 0.5294117647058824
29 0.38461538461538464 0.3076923076923077
30 0.4117647058823529 0.4117647058823529
31 0.16666666666666666 0.3333333333333333
32 0.4166666666666667 0.75
33 0.3333333333333333 0.5
34 0.5882352941176471 0.5882352941176471
35 0.5294117647058824 0.35294117647058826
36 0.23076923076923078 0.5384615384615384
37 0.5294117647058824 0.5294117647058824
38 0.6190476190476191 0.42857142857142855
39 0.23076923076923078 0.23076923076923078
40 0.5882352941176471 0.5882352941176471
41 0.5909090909090909 0.5909090909090909
42 0.7 0.7333333333333333
43 0.5 0.6363636363636364
44 0.5 0.4166666666666667
45 0.46153846153846156 0.46153846153846156
46 0.4166666666666667 0.4166666666666667
47 0.5882352941176471 0.5882352941176471
48 0.5 0.6666666666666666
49 0.4375 0.4375
50 0.38461538461538464 0.6923076923076923
51 0.5 0.6363636363636364
52 0.35294117647058826 0.5294117647058824
53 0.3333333333333333 0.6666666666666666
54 0.47058823529411764 0.5882352941176471
55 0.35294117647058826 0.4117647058823529
56 0.46153846153846156 0.38461538461538464
57 0.5 0.3333333333333333
58 0.47058823529411764 0.47058823529411764
59 0.55 0.55
60 0.6923076923076923 1.0
61 0.5909090909090909 0.5
62 0.6666666666666666 0.5333333333333333
63 0.35294117647058826 0.29411764705882354
64 0.5294117647058824 0.35294117647058826
65 0.47058823529411764 0.5294117647058824
66 0.38461538461538464 0.38461538461538464
67 0.25 0.5
68 0.4166666666666667 0.4166666666666667
69 0.38461538461538464 0.3076923076923077
70 0.6333333333333333 0.7333333333333333
71 0.5882352941176471 0.5882352941176471
72 0.35294117647058826 0.35294117647058826
73 0.4166666666666667 0.5833333333333334
74 0.6521739130434783 0.6086956521739131
75 0.35294117647058826 0.5294117647058824
76 0.23076923076923078 0.6153846153846154
77 0.38461538461538464 0.9230769230769231
78 0.47058823529411764 0.47058823529411764
79 0.5294117647058824 0.5294117647058824
80 0.46153846153846156 0.46153846153846156
81 0.3333333333333333 0.5
82 0.5294117647058824 0.47058823529411764
83 0.4166666666666667 0.4166666666666667
84 0.35294117647058826 0.47058823529411764
85 0.4117647058823529 0.4117647058823529
86 0.4375 0.4375
87 0.4166666666666667 0.5
88 0.6363636363636364 0.45454545454545453
89 0.38461538461538464 0.6923076923076923
90 0.6363636363636364 0.5909090909090909
91 0.3333333333333333 0.5
92 0.25 0.4166666666666667
93 0.5909090909090909 0.4090909090909091
94 0.23076923076923078 0.07692307692307693
95 0.6363636363636364 0.6363636363636364
96 0.47058823529411764 0.47058823529411764
97 0.4166666666666667 0.6666666666666666
98 0.4117647058823529 0.4117647058823529
99 0.5294117647058824 0.29411764705882354
avg 0.45772294723605456 0.4958722055864
