0 0.08333333333333333 0.16666666666666666
1 0.15384615384615385 0.3076923076923077
2 0.5833333333333334 0.75
3 0.5 0.5625
4 0.2 0.5
5 0.0 0.5833333333333334
6 0.75 0.5
7 0.5 0.5833333333333334
8 0.08333333333333333 0.08333333333333333
9 0.42857142857142855 0.38095238095238093
10 0.0 0.75
11 0.4375 1.125
12 0.5357142857142857 0.7142857142857143
13 0.5 0.6875
14 0.5625 0.3125
15 0.4166666666666667 1.25
16 0.08333333333333333 1.0
17 0.16666666666666666 0.8333333333333334
18 0.6666666666666666 0.75
19 0.17647058823529413 0.5882352941176471
20 0.17647058823529413 1.0588235294117647
21 0.11764705882352941 0.47058823529411764
22 0.5 0.5833333333333334
23 0.5384615384615384 0.6923076923076923
24 0.23529411764705882 1.0588235294117647
25 0.11764705882352941 0.23529411764705882
26 0.3181818181818182 0.3181818181818182
27 0.17647058823529413 0.5294117647058824
28 0.17647058823529413 0.17647058823529413
29 0.6153846153846154 0.6153846153846154
30 0.4117647058823529 0.23529411764705882
31 0.25 0.25
32 1.0833333333333333 1.0833333333333333
33 0.75 0.08333333333333333
34 0.6470588235294118 1.1176470588235294
35 0.5294117647058824 0.29411764705882354
36 0.5384615384615384 0.46153846153846156
37 0.4117647058823529 0.4117647058823529
38 0.42857142857142855 0.3333333333333333
39 0.0 0.23076923076923078
40 0.5294117647058824 0.5294117647058824
41 0.045454545454545456 0.45454545454545453
42 0.5666666666666667 0.6
43 0.09090909090909091 0.7272727272727273
44 0.16666666666666666 0.75
45 0.8461538461538461 0.6923076923076923
46 0.25 1.0
47 0.23529411764705882 0.7647058823529411
48 0.5833333333333334 0.5833333333333334
49 0.5 0.375
50 0.6153846153846154 1.0
51 0.45454545454545453 0.45454545454545453
52 0.17647058823529413 0.47058823529411764
53 0.6666666666666666 0.3333333333333333
54 0.47058823529411764 0.5294117647058824
55 0.11764705882352941 0.11764705882352941
56 0.46153846153846156 0.6153846153846154
57 0.5 0.5833333333333334
58 0.4117647058823529 0.29411764705882354
59 0.4 0.5
60 0.0 0.7692307692307693
61 0.45454545454545453 0.45454545454545453
62 0.5 0.6
63 0.23529411764705882 0.29411764705882354
64 0.35294117647058826 0.4117647058823529
65 0.4117647058823529 0.29411764705882354
66 0.46153846153846156 1.0
67 0.5833333333333334 0.75
68 0.16666666666666666 0.5
69 0.9230769230769231 0.5384615384615384
70 0.5666666666666667 0.6333333333333333
71 0.5882352941176471 0.47058823529411764
72 0.47058823529411764 1.0588235294117647
73 0.08333333333333333 1.6666666666666667
74 0.17391304347826086 0.43478260869565216
75 0.17647058823529413 0.17647058823529413
76 0.7692307692307693 0.38461538461538464
77 0.6923076923076923 1.0769230769230769
78 0.0 0.17647058823529413
79 0.5294117647058824 0.6470588235294118
80 0.6153846153846154 1.0
81 0.08333333333333333 0.5833333333333334
82 0.23529411764705882 1.0588235294117647
83 1.25 0.25
84 0.23529411764705882 0.29411764705882354
85 0.058823529411764705 0.4117647058823529
86 0.375 0.6875
87 0.0 1.75
88 0.3181818181818182 0.36363636363636365
89 0.46153846153846156 0.3076923076923077
90 0.3181818181818182 0.3181818181818182
91 0.75 0.16666666666666666
92 0.4166666666666667 0.75
93 0.36363636363636365 0.22727272727272727
94 0.0 0.23076923076923078
95 0.09090909090909091 0.45454545454545453
96 0.17647058823529413 0.47058823529411764
97 0.08333333333333333 1.6666666666666667
98 0.29411764705882354 0.23529411764705882
99 0.23529411764705882 0.11764705882352941
avg 0.37439603725345416 0.5772582489973795
