0 0.0 0.5
1 0.0 0.0
2 0.4166666666666667 0.5833333333333334
3 0.25 0.125
4 0.1 0.25
5 0.0 0.08333333333333333
6 0.375 0.4375
7 0.4166666666666667 0.5
8 0.0 0.08333333333333333
9 0.19047619047619047 0.09523809523809523
10 0.0 0.08333333333333333
11 0.0 0.125
12 0.07142857142857142 0.5714285714285714
13 0.375 0.5
14 0.375 0.4375
15 0.5 0.5833333333333334
16 0.0 0.0
17 0.08333333333333333 0.5833333333333334
18 0.4166666666666667 0.08333333333333333
19 0.058823529411764705 0.17647058823529413
20 0.058823529411764705 0.17647058823529413
21 0.0 0.11764705882352941
22 0.0 0.5
23 0.0 0.23076923076923078
24 0.0 0.0
25 0.0 0.11764705882352941
26 0.0 0.13636363636363635
27 0.11764705882352941 0.0
28 0.11764705882352941 0.5882352941176471
29 0.0 0.6153846153846154
30 0.0 0.4117647058823529
31 0.0 0.16666666666666666
32 0.0 0.0
33 0.0 0.08333333333333333
34 0.0 0.23529411764705882
35 0.0 0.35294117647058826
36 0.0 0.3076923076923077
37 0.0 0.11764705882352941
38 0.0 0.19047619047619047
39 0.46153846153846156 0.0
40 0.0 0.11764705882352941
41 0.22727272727272727 0.45454545454545453
42 0.0 0.0
43 0.0 0.09090909090909091
44 0.0 0.08333333333333333
45 0.0 0.6153846153846154
46 0.0 0.5833333333333334
47 0.0 0.23529411764705882
48 0.08333333333333333 0.25
49 0.0 0.0625
50 0.0 0.15384615384615385
51 0.09090909090909091 0.22727272727272727
52 0.17647058823529413 0.17647058823529413
53 0.0 0.08333333333333333
54 0.0 0.35294117647058826
55 0.058823529411764705 0.11764705882352941
56 0.0 0.0
57 0.0 0.08333333333333333
58 0.0 0.11764705882352941
59 0.0 0.0
60 0.0 0.3076923076923077
61 0.0 0.13636363636363635
62 0.5666666666666667 0.2
63 0.0 0.23529411764705882
64 0.11764705882352941 0.11764705882352941
65 0.058823529411764705 0.17647058823529413
66 0.0 0.0
67 0.0 0.0
68 0.0 1.0833333333333333
69 0.0 0.6153846153846154
70 0.0 0.16666666666666666
71 0.0 0.0
72 0.0 0.11764705882352941
73 0.0 0.08333333333333333
74 0.17391304347826086 0.2608695652173913
75 0.058823529411764705 0.17647058823529413
76 0.15384615384615385 0.15384615384615385
77 0.0 1.0769230769230769
78 0.0 0.0
79 0.11764705882352941 0.35294117647058826
80 0.0 0.15384615384615385
81 0.0 0.0
82 0.0 0.0
83 0.0 0.08333333333333333
84 0.0 0.23529411764705882
85 0.0 0.7058823529411765
86 0.0 0.125
87 0.0 0.0
88 0.13636363636363635 0.13636363636363635
89 0.0 0.0
90 0.0 0.13636363636363635
91 0.0 0.08333333333333333
92 0.0 0.08333333333333333
93 0.0 0.0
94 0.07692307692307693 0.6153846153846154
95 0.0 0.09090909090909091
96 0.058823529411764705 0.058823529411764705
97 0.0 0.0
98 0.0 0.11764705882352941
99 0.11764705882352941 0.29411764705882354
avg 0.06658651344393031 0.22135757177604995
